0 1
0 2
0 3
0 4
0 5
0 6
0 7
0 9
0 10
0 11
0 17
0 18
0 19
0 21
0 23
0 34
0 35
0 42
0 43
0 44
0 47
0 50
0 51
0 52
0 55
0 57
0 75
0 79
0 82
0 83
0 86
0 92
0 94
0 97
0 109
0 110
0 113
0 117
0 120
0 122
0 125
0 129
0 131
0 132
0 137
0 144
0 157
0 160
0 165
0 191
1 5
1 6
1 8
1 9
1 27
1 30
1 38
1 63
1 143
1 144
1 146
1 163
1 175
1 177
2 5
2 6
2 8
2 15
2 29
2 45
2 48
2 73
2 86
2 125
2 145
2 169
2 181
3 6
3 9
3 26
3 33
3 35
3 40
3 41
3 42
3 45
3 65
3 94
3 125
4 5
4 7
4 9
4 11
4 12
4 15
4 16
4 20
4 23
4 25
4 28
4 33
4 34
4 44
4 47
4 50
4 64
4 65
4 69
4 77
4 91
4 106
4 121
4 144
4 160
4 163
4 164
4 178
4 181
4 186
4 192
4 193
4 195
5 7
5 8
5 13
5 14
5 15
5 17
5 18
5 21
5 22
5 26
5 28
5 29
5 41
5 43
5 51
5 61
5 64
5 84
5 92
5 97
5 98
5 111
5 114
5 115
5 118
5 122
5 133
5 141
5 143
5 149
5 161
5 188
6 7
6 8
6 14
6 16
6 17
6 19
6 21
6 23
6 33
6 38
6 40
6 46
6 48
6 50
6 52
6 59
6 62
6 74
6 76
6 77
6 83
6 146
6 149
6 159
6 172
6 192
7 10
7 12
7 13
7 15
7 19
7 27
7 32
7 37
7 40
7 43
7 46
7 47
7 52
7 57
7 58
7 68
7 73
7 76
7 78
7 79
7 86
7 88
7 92
7 97
7 100
7 101
7 106
7 115
7 117
7 135
7 138
7 156
7 162
7 164
7 174
7 181
7 193
8 10
8 11
8 12
8 22
8 25
8 26
8 29
8 31
8 37
8 44
8 56
8 59
8 61
8 70
8 71
8 83
8 105
8 113
8 121
8 124
8 163
8 166
9 10
9 16
9 28
9 35
9 39
9 44
9 81
9 110
9 136
9 139
9 164
9 191
10 11
10 12
10 13
10 14
10 17
10 19
10 25
10 30
10 36
10 41
10 48
10 54
10 57
10 62
10 63
10 73
10 80
10 88
10 102
10 107
10 126
10 127
10 129
10 132
10 142
10 149
10 179
10 180
10 190
10 195
10 197
11 31
11 37
11 38
11 46
11 55
11 60
11 63
11 89
11 102
11 106
11 127
11 167
11 179
11 188
12 13
12 14
12 24
12 39
12 71
12 75
12 104
12 137
12 140
12 158
12 189
13 20
13 22
13 41
13 51
13 54
13 142
13 169
14 20
14 31
14 55
14 78
14 89
14 90
14 154
14 175
14 198
15 16
15 18
15 43
15 81
15 88
15 95
15 132
15 162
15 196
15 198
16 18
16 27
16 28
16 29
16 53
16 65
16 72
16 84
16 106
16 116
16 128
16 182
16 192
17 20
17 23
17 39
17 50
17 54
17 77
17 93
17 99
17 103
17 107
17 116
17 119
17 127
17 128
17 132
17 159
18 24
18 26
18 30
18 37
18 68
18 69
18 70
18 75
18 81
18 83
18 84
18 101
18 127
18 136
18 141
18 158
18 160
18 173
19 25
19 27
19 32
19 33
19 39
19 78
19 84
19 108
19 142
19 147
19 148
19 163
19 168
19 184
19 186
20 21
20 22
20 24
20 32
20 35
20 58
20 67
20 95
20 96
20 104
20 120
20 150
20 156
20 161
20 179
20 196
20 199
21 30
21 40
21 42
21 46
21 49
21 52
21 53
21 64
21 72
21 85
21 103
21 123
21 158
22 24
23 34
23 66
23 76
23 85
23 89
23 99
23 109
23 172
24 49
24 68
24 108
24 134
24 158
25 34
25 55
25 65
25 98
25 176
25 184
26 42
26 62
26 67
26 91
26 136
26 156
27 31
27 38
27 45
27 64
27 72
27 129
27 155
27 199
28 80
28 117
28 151
29 32
29 110
29 112
29 118
29 184
29 185
29 187
30 91
31 180
32 36
32 48
32 66
32 112
32 139
32 159
32 178
32 194
33 59
33 76
33 108
33 114
33 149
33 170
33 171
33 174
33 195
33 198
34 36
34 66
34 92
34 119
34 157
35 36
35 53
35 116
36 69
36 99
37 67
37 99
37 100
37 123
37 169
39 109
39 166
40 121
40 150
40 162
40 191
41 47
41 77
41 82
41 114
41 187
41 189
42 54
42 60
42 93
42 104
42 142
43 45
43 49
43 56
43 58
43 69
43 91
43 133
43 165
43 171
44 66
44 80
44 124
44 154
44 157
44 194
45 56
45 85
45 105
45 113
45 123
45 129
45 146
45 167
45 199
46 53
46 56
46 74
46 94
46 98
47 67
47 70
47 74
47 78
47 88
47 96
47 97
47 130
47 153
47 190
47 191
48 49
48 51
48 103
48 105
48 145
48 155
48 170
49 72
50 57
50 58
50 71
50 89
50 112
50 124
50 140
50 141
50 167
50 170
50 172
50 178
50 179
50 185
51 128
53 59
53 61
54 61
54 79
54 87
54 95
54 124
54 154
54 173
54 197
55 60
55 62
55 73
55 90
55 115
55 128
55 130
55 141
55 168
55 175
56 68
56 96
56 102
56 122
57 60
57 63
57 75
57 93
57 94
57 138
58 101
58 111
59 70
59 71
59 74
59 93
59 113
59 137
59 146
60 81
60 114
60 130
60 148
60 159
61 101
61 147
62 102
62 135
62 174
62 185
62 188
63 79
63 82
63 117
63 134
63 140
64 174
65 111
65 126
65 153
65 169
66 86
66 87
66 165
67 104
68 155
68 165
68 173
69 80
69 98
69 131
69 156
70 90
70 135
70 177
71 85
71 108
71 168
72 118
72 152
73 90
73 151
73 195
74 160
75 82
75 87
75 119
75 139
75 140
75 153
76 161
77 109
77 170
78 87
78 147
78 166
80 121
80 187
80 193
81 176
82 148
82 194
84 96
84 100
84 110
85 100
85 134
85 176
86 105
86 111
87 147
88 95
88 103
88 120
88 125
88 135
88 173
88 177
88 188
90 120
90 178
91 107
91 112
91 136
91 171
92 151
93 137
93 143
94 122
95 197
96 115
97 116
98 180
99 131
99 161
101 175
102 126
103 182
103 184
104 139
104 144
104 194
105 199
106 107
106 118
106 145
107 171
107 186
108 123
108 145
110 133
112 167
113 119
113 150
114 152
114 164
115 126
116 143
116 148
117 131
117 183
120 134
122 151
125 130
125 183
127 133
128 150
128 166
128 190
129 168
130 138
132 190
133 152
134 181
135 138
135 198
136 155
136 180
137 153
138 154
138 189
140 152
140 182
140 185
143 177
143 197
146 172
154 157
159 162
159 183
165 189
169 192
171 176
173 183
174 182
176 187
178 186
179 196
187 196
191 193
