0 1
0 2
0 5
0 6
0 12
0 20
0 29
0 31
0 33
0 47
0 53
0 54
0 66
0 69
0 88
0 89
0 103
0 105
0 112
0 146
0 155
0 158
0 159
0 166
0 172
0 195
0 198
1 4
1 8
1 14
1 16
1 38
1 58
1 93
1 116
1 147
1 187
2 3
2 43
2 63
2 84
2 104
2 142
2 194
4 7
4 44
4 123
4 170
5 9
5 32
5 78
6 62
6 65
6 96
6 174
6 179
7 10
8 13
8 22
8 68
8 162
8 178
10 11
10 15
10 18
10 19
10 40
10 60
10 95
10 107
10 108
10 115
10 151
11 106
11 168
12 17
12 23
12 30
12 52
12 80
12 188
13 48
13 119
14 70
14 137
14 145
14 199
15 37
15 39
15 97
15 113
15 120
15 143
15 171
16 21
16 25
16 34
16 45
16 64
16 82
16 109
16 149
16 164
16 191
17 133
19 26
19 27
19 35
19 57
19 99
19 148
21 24
21 183
21 190
22 28
22 86
23 135
23 169
23 175
24 42
24 156
25 127
25 129
25 140
25 186
26 36
27 55
28 150
29 46
29 51
29 185
30 41
30 72
30 102
30 128
31 87
31 139
33 56
36 67
36 98
36 154
36 189
37 50
37 75
37 76
37 117
37 173
37 180
39 61
39 114
39 197
41 94
42 49
44 81
44 118
44 122
44 141
44 152
44 181
48 92
48 126
51 83
51 85
57 59
57 131
57 165
58 73
59 71
64 74
68 79
70 77
73 90
73 91
73 111
73 136
73 177
73 192
76 182
80 125
81 121
81 161
85 101
85 132
85 167
88 100
91 196
97 110
97 138
97 144
103 130
104 157
105 134
108 124
127 153
127 176
127 193
135 160
148 184
151 163
