0 1
0 2
0 4
0 5
0 8
0 15
0 25
0 26
0 38
0 44
0 53
0 54
0 57
0 70
0 72
0 82
0 88
0 146
0 192
0 196
1 3
1 6
1 12
1 17
1 33
1 84
1 85
1 89
1 119
1 124
1 125
1 147
1 157
1 172
1 193
2 9
2 21
2 23
2 30
2 37
2 75
2 94
2 103
2 129
2 187
3 35
3 39
3 61
3 62
3 108
3 123
3 179
4 7
4 19
4 29
4 71
4 109
4 127
4 128
4 135
4 143
4 161
4 178
5 13
5 18
5 24
5 58
5 65
5 73
5 77
5 197
6 10
6 42
6 46
6 60
7 55
7 79
7 183
8 181
9 56
10 11
10 14
10 27
10 28
10 32
10 40
10 45
10 64
10 69
10 87
10 105
10 116
10 139
10 156
10 164
10 167
10 180
12 16
12 176
13 34
15 22
15 170
17 20
17 96
19 31
23 132
24 159
25 47
25 115
27 36
27 43
27 51
29 165
34 81
34 111
34 120
34 145
34 153
34 158
35 86
36 50
36 188
37 100
37 142
37 151
37 199
39 68
39 93
39 191
40 41
41 121
42 76
42 80
42 106
43 66
43 198
45 49
45 90
45 150
47 48
48 52
48 101
49 63
49 97
50 83
52 102
52 141
52 162
53 74
56 59
56 107
56 155
58 91
58 92
58 95
60 110
61 67
61 78
61 131
74 189
75 177
80 168
82 98
82 126
82 130
86 118
87 174
87 190
89 104
89 114
93 99
93 112
98 138
99 169
101 134
109 113
109 122
112 144
113 148
114 133
114 186
115 117
116 152
118 182
120 154
120 171
128 136
128 137
128 140
128 160
130 185
132 184
135 163
136 166
147 149
151 173
151 195
165 175
172 194
