0 1
0 2
0 6
0 7
0 8
0 9
0 11
0 17
0 20
0 22
0 25
0 26
0 28
0 32
0 33
0 38
0 63
1 12
1 16
1 31
1 34
1 55
1 71
1 95
2 3
2 10
2 13
2 14
2 27
2 36
2 42
2 45
2 83
3 4
3 5
3 18
3 24
3 78
5 19
5 52
5 99
8 21
8 62
8 86
8 94
9 49
9 57
10 54
11 15
11 44
11 60
12 50
12 76
12 89
13 39
13 46
13 65
13 70
15 64
15 68
15 81
16 23
18 82
18 90
19 30
21 77
21 80
22 96
23 37
23 48
25 47
26 29
28 35
28 40
28 66
28 97
30 58
31 41
31 73
34 43
37 51
37 74
38 98
43 67
48 53
48 91
50 59
50 69
52 93
54 56
54 75
54 92
56 61
62 84
64 87
67 72
67 79
69 85
83 88
