0 1
0 2
0 3
0 4
0 5
0 6
0 8
0 10
0 11
0 12
0 22
0 31
0 36
0 38
0 44
0 53
0 54
0 57
0 63
0 70
0 75
0 76
0 78
0 88
0 104
0 107
0 111
0 113
0 117
0 125
0 154
0 156
0 158
0 163
0 177
0 185
0 188
0 191
0 212
0 244
0 253
0 273
0 295
0 298
0 318
0 331
0 356
0 360
0 378
0 392
1 5
1 7
1 8
1 25
1 56
1 62
1 78
1 114
1 117
1 124
1 170
1 173
1 176
1 177
1 178
1 183
1 194
1 214
1 219
1 260
1 327
1 346
1 347
1 383
1 387
2 5
2 14
2 15
2 39
2 58
2 92
2 226
2 299
3 6
3 9
3 13
3 25
3 31
3 32
3 47
3 59
3 81
3 123
3 129
3 131
3 136
3 137
3 174
3 200
3 208
3 245
3 284
3 317
3 326
3 334
3 361
3 377
4 5
4 6
4 7
4 8
4 10
4 11
4 13
4 14
4 16
4 17
4 18
4 24
4 25
4 28
4 30
4 31
4 33
4 38
4 49
4 54
4 63
4 66
4 67
4 77
4 95
4 131
4 143
4 166
4 169
4 175
4 205
4 206
4 208
4 233
4 253
4 294
4 315
4 332
4 344
4 395
5 6
5 7
5 9
5 11
5 15
5 16
5 17
5 19
5 28
5 29
5 46
5 55
5 71
5 80
5 96
5 107
5 110
5 115
5 130
5 132
5 134
5 137
5 145
5 152
5 173
5 178
5 180
5 194
5 195
5 215
5 217
5 232
5 236
5 238
5 243
5 245
5 262
5 283
5 293
5 327
5 329
5 343
5 353
5 376
6 7
6 8
6 9
6 12
6 13
6 14
6 15
6 18
6 21
6 22
6 23
6 34
6 35
6 36
6 42
6 48
6 49
6 51
6 55
6 57
6 64
6 66
6 72
6 76
6 81
6 82
6 97
6 99
6 119
6 120
6 127
6 132
6 147
6 163
6 164
6 186
6 199
6 203
6 205
6 207
6 217
6 218
6 227
6 239
6 249
6 252
6 256
6 265
6 279
6 284
6 285
6 294
6 303
6 311
6 332
6 354
6 356
6 382
7 10
7 11
7 12
7 15
7 20
7 26
7 27
7 28
7 35
7 37
7 45
7 47
7 53
7 60
7 62
7 86
7 87
7 91
7 95
7 98
7 105
7 107
7 119
7 122
7 124
7 130
7 139
7 144
7 183
7 188
7 200
7 204
7 211
7 212
7 213
7 218
7 227
7 257
7 277
7 278
7 289
7 290
7 309
7 310
7 342
7 351
7 354
7 356
7 386
7 390
7 395
8 9
8 10
8 13
8 18
8 19
8 20
8 21
8 22
8 23
8 28
8 40
8 45
8 52
8 55
8 60
8 72
8 83
8 84
8 89
8 102
8 103
8 104
8 115
8 121
8 142
8 143
8 149
8 151
8 154
8 155
8 160
8 166
8 168
8 181
8 187
8 190
8 195
8 204
8 215
8 226
8 231
8 244
8 263
8 265
8 271
8 288
8 294
8 299
8 305
8 314
8 318
8 319
8 347
8 368
9 20
9 30
9 61
9 77
9 90
9 93
9 134
9 143
9 145
9 149
9 156
9 169
9 172
9 235
9 249
9 280
9 295
9 312
9 393
10 16
10 23
10 24
10 27
10 29
10 39
10 53
10 74
10 106
10 151
10 165
10 174
10 193
10 196
10 209
10 220
10 248
10 276
10 278
10 319
10 331
10 361
10 379
11 12
11 16
11 26
11 40
11 54
11 61
11 74
11 77
11 80
11 136
11 150
11 171
11 172
11 251
11 259
11 270
11 306
11 323
11 336
11 391
12 19
12 33
12 56
12 63
12 88
12 138
12 186
12 193
12 359
12 364
13 14
13 41
13 42
13 51
13 65
13 71
13 80
13 102
13 201
13 216
13 339
13 381
14 17
14 20
14 21
14 22
14 35
14 41
14 44
14 45
14 46
14 47
14 50
14 58
14 62
14 64
14 69
14 83
14 85
14 86
14 87
14 94
14 95
14 100
14 114
14 116
14 121
14 157
14 165
14 177
14 184
14 186
14 196
14 207
14 231
14 316
14 340
14 386
15 17
15 19
15 27
15 37
15 54
15 116
15 130
15 211
15 253
15 259
15 278
15 320
15 335
15 364
15 369
16 33
16 42
16 43
16 120
16 145
16 170
16 188
16 212
16 229
16 246
16 249
16 283
16 348
16 373
16 375
17 18
17 26
17 38
17 41
17 97
17 138
17 154
17 189
17 194
17 197
17 224
17 228
17 268
17 300
17 322
17 367
18 23
18 31
18 32
18 33
18 37
18 44
18 68
18 83
18 95
18 101
18 105
18 111
18 112
18 129
18 146
18 151
18 179
18 198
18 206
18 345
18 350
18 352
18 369
18 376
19 21
19 29
19 43
19 50
19 73
19 81
19 99
19 126
19 153
19 171
19 180
19 234
19 255
19 261
19 262
19 270
19 276
19 345
19 383
19 397
20 25
20 32
20 37
20 40
20 55
20 57
20 61
20 65
20 82
20 123
20 128
20 135
20 221
20 229
20 240
20 248
20 264
20 300
20 357
21 24
21 56
21 61
21 108
21 123
21 176
21 315
22 29
22 34
22 83
22 89
22 133
22 185
22 305
22 309
22 381
23 24
23 26
23 34
23 36
23 39
23 44
23 52
23 88
23 289
23 290
23 303
23 307
23 324
23 341
24 30
24 45
24 51
24 65
24 69
24 85
24 122
24 141
24 170
24 359
25 39
25 62
25 63
25 79
25 135
25 142
25 399
26 27
26 30
26 41
26 50
26 51
26 59
26 69
26 70
26 87
26 99
26 115
26 116
26 121
26 147
26 161
26 162
26 184
26 382
27 32
27 35
27 42
27 49
27 52
27 72
27 78
27 79
27 89
27 98
27 99
27 101
27 108
27 125
27 135
27 144
27 151
27 175
27 180
27 193
27 237
27 246
27 266
27 297
27 380
28 34
28 59
28 75
28 112
28 144
28 148
28 181
28 345
29 46
29 230
29 297
29 337
30 198
31 43
31 47
31 90
31 92
31 142
31 155
31 199
31 287
31 353
32 64
32 67
32 74
32 128
32 150
32 202
32 221
32 223
32 326
33 36
33 38
33 48
33 50
33 64
33 70
33 106
33 159
33 197
33 229
33 254
33 276
33 286
33 312
33 331
33 347
34 40
34 52
34 93
34 98
34 111
34 121
34 122
34 147
34 173
34 192
34 203
34 227
34 228
34 238
34 258
34 261
34 316
34 344
34 381
34 397
35 60
35 73
35 105
35 129
35 152
35 167
35 187
35 230
35 281
35 316
35 324
35 331
35 374
35 398
36 340
36 349
37 43
37 46
37 92
37 239
37 252
37 256
37 275
37 281
37 292
37 296
38 119
38 197
38 199
38 311
39 85
39 187
40 57
40 67
40 77
40 186
40 189
40 222
41 84
41 98
41 208
41 269
41 327
42 53
42 60
42 104
42 138
42 157
43 49
43 72
43 91
43 100
43 109
43 118
43 122
43 162
43 172
43 191
43 225
43 226
43 227
43 276
43 297
43 301
43 311
43 314
43 319
43 352
44 48
44 103
44 169
44 365
45 66
45 71
45 108
45 168
45 232
45 241
46 48
46 56
46 58
46 68
46 79
46 87
46 94
46 118
46 124
46 131
46 143
46 156
46 157
46 247
46 258
46 271
46 273
47 58
47 73
47 105
47 146
47 220
47 296
47 328
47 377
48 89
48 145
48 184
48 223
48 225
48 235
48 249
48 295
49 96
49 102
49 106
49 110
49 134
49 140
49 152
49 183
49 204
49 338
49 388
50 75
50 76
50 85
50 133
50 178
50 239
51 340
52 65
52 94
52 318
52 381
52 390
53 59
53 204
53 210
53 241
53 272
53 326
53 358
54 68
54 69
54 70
54 91
54 109
54 120
54 135
54 173
54 275
54 316
54 325
55 79
55 136
55 187
55 192
55 216
55 247
55 267
55 315
55 323
55 336
56 82
56 96
56 97
56 101
56 113
56 114
56 132
56 146
56 201
56 226
56 237
56 355
56 389
57 66
57 68
57 191
57 198
57 251
57 256
57 262
59 333
60 76
60 86
60 104
60 175
60 176
60 236
60 255
60 256
60 277
60 313
61 80
61 93
61 162
61 243
61 252
61 327
61 354
61 378
62 139
62 159
62 231
62 266
62 292
62 306
62 312
62 373
63 92
63 164
63 350
63 363
64 67
64 71
64 91
64 148
64 222
64 239
65 100
65 142
65 242
65 293
66 81
66 82
66 141
66 252
66 277
66 368
67 84
67 110
67 166
67 190
67 225
67 293
68 78
68 103
68 115
68 123
68 127
68 165
68 211
68 212
68 224
68 378
69 73
69 74
69 109
69 111
69 117
69 152
69 160
69 190
69 218
69 244
69 269
69 307
69 348
69 395
70 75
70 88
70 126
70 140
70 165
70 179
70 219
70 233
70 283
70 284
70 306
70 338
71 112
71 116
71 280
72 102
72 136
72 217
72 254
73 126
73 190
73 209
73 215
73 220
73 236
73 240
73 243
73 317
74 97
74 166
75 96
75 163
75 168
75 185
75 208
75 209
75 210
75 211
75 221
75 250
75 251
75 360
76 94
76 103
76 110
76 133
76 162
76 175
77 155
77 339
78 84
78 139
78 263
78 317
78 372
79 132
79 216
79 240
79 273
79 305
80 125
80 128
80 301
80 362
81 149
81 274
82 113
82 168
82 182
82 319
83 86
83 107
83 159
83 167
83 262
83 325
84 90
84 108
84 127
84 158
84 160
84 266
84 271
84 328
84 335
84 382
84 384
85 124
85 171
85 189
85 344
85 365
85 366
85 384
86 112
86 117
86 167
86 179
86 250
86 258
86 259
86 298
86 303
87 90
87 131
87 193
87 229
87 246
87 295
87 353
88 106
88 113
88 176
88 234
88 235
88 255
88 282
89 118
89 153
89 392
89 399
90 101
90 170
90 215
90 272
90 335
91 133
91 137
91 263
91 288
91 292
91 352
91 375
92 93
92 128
92 309
93 348
93 388
94 100
94 154
95 185
95 205
96 287
96 291
96 323
96 325
96 359
97 127
98 118
98 138
99 141
99 149
99 217
99 285
99 302
99 384
100 171
100 179
100 183
100 216
100 267
100 298
102 147
102 189
102 196
102 199
102 200
104 248
104 283
104 300
105 130
105 158
105 159
105 160
105 207
105 210
105 213
105 222
105 223
105 304
105 312
105 336
105 337
105 341
105 357
105 358
105 370
105 372
106 109
106 153
106 163
106 181
106 194
106 200
106 268
106 289
106 321
106 328
106 363
106 364
106 388
107 360
108 125
108 144
108 177
108 184
108 244
108 247
108 371
109 201
109 235
110 150
110 174
110 192
110 268
110 291
110 308
110 336
110 357
110 365
111 140
112 114
112 120
113 150
113 222
113 238
113 278
113 351
114 341
115 210
115 338
115 394
116 119
116 134
116 157
116 353
116 369
116 379
116 398
117 148
117 174
117 243
117 253
117 285
118 137
118 201
120 155
120 202
120 297
120 313
121 205
121 385
122 158
123 198
123 293
124 126
124 129
124 182
124 206
124 282
124 338
124 344
124 355
124 361
125 140
125 153
125 219
125 260
125 349
126 188
127 139
127 141
127 148
127 224
127 391
128 156
128 286
128 361
129 164
129 182
129 287
129 356
130 228
130 333
130 334
131 207
131 233
131 364
131 395
132 178
132 354
133 164
133 195
133 378
134 291
134 357
134 360
134 372
134 390
135 386
136 146
136 250
136 270
136 290
136 314
138 280
138 362
139 161
139 182
139 257
139 308
140 230
140 281
141 219
141 238
141 329
141 345
141 346
142 181
142 246
142 330
143 202
145 167
145 322
145 335
145 350
145 387
146 209
146 358
146 396
149 302
150 291
150 372
151 191
151 247
152 206
152 228
153 161
153 196
153 240
153 330
153 343
154 172
155 267
156 267
157 169
157 245
157 304
157 339
158 202
158 218
159 161
159 232
159 326
159 332
160 365
161 286
161 391
162 213
162 220
162 274
162 300
163 232
163 269
163 352
166 203
166 284
166 328
167 270
168 237
168 321
169 349
169 370
169 384
171 309
171 371
172 213
172 318
174 380
176 371
177 214
177 241
178 234
178 260
178 337
179 180
179 203
179 305
179 310
180 192
180 195
180 234
180 245
180 264
180 321
180 333
181 392
182 225
183 296
184 214
184 254
184 280
186 214
186 242
186 320
186 368
189 368
192 237
192 263
192 264
192 294
192 337
192 396
193 197
193 281
193 347
194 230
194 275
194 367
194 374
195 302
195 308
196 258
196 397
197 259
199 375
200 223
200 224
200 251
200 299
200 302
201 279
201 383
202 233
202 313
204 236
205 366
206 221
206 268
208 257
210 271
212 255
213 274
214 346
215 290
215 311
216 393
218 279
219 241
220 339
220 390
221 257
221 288
221 398
222 330
224 231
224 355
225 261
226 310
226 377
226 391
227 274
227 307
228 269
228 272
229 379
230 355
230 379
231 282
232 330
232 349
232 389
233 254
233 314
233 320
234 396
235 362
235 393
237 264
237 298
239 272
239 358
239 367
240 242
240 325
241 242
241 266
242 369
244 248
244 277
244 343
244 370
245 261
245 273
245 287
246 250
246 315
247 265
247 307
247 387
247 392
248 329
248 363
249 260
249 285
249 288
249 373
250 322
250 342
250 386
253 306
253 374
255 282
256 346
256 399
257 286
257 304
257 343
258 265
258 296
259 299
259 324
259 374
260 275
261 373
261 397
264 303
264 334
264 366
265 321
265 399
267 292
267 308
268 324
268 359
272 289
276 342
278 279
278 301
278 332
279 377
281 367
282 313
282 362
282 376
283 310
285 322
287 383
287 394
288 317
288 351
290 320
290 341
291 333
293 398
294 340
296 334
297 301
298 396
301 323
302 387
303 304
305 351
305 382
307 371
307 376
312 388
315 389
316 329
317 342
318 394
322 380
336 363
337 393
338 350
338 375
338 385
339 348
339 389
345 370
352 380
354 394
358 366
376 385
379 385
