0 1
0 2
0 3
0 8
0 9
0 10
0 12
0 69
0 72
3 4
3 5
3 6
3 7
3 13
3 14
3 15
3 16
3 19
3 22
3 23
3 26
3 33
3 39
3 41
3 44
3 47
3 57
3 61
3 84
3 90
4 38
6 37
7 24
7 31
7 43
7 58
8 11
8 42
8 54
9 34
9 40
9 53
9 95
13 17
13 32
13 89
15 18
15 27
15 28
15 30
15 35
15 60
15 74
15 80
16 99
17 46
17 51
17 66
18 20
18 21
18 25
18 59
20 36
20 68
20 82
21 92
22 48
22 55
24 52
24 70
24 83
25 29
27 93
33 86
34 78
40 64
41 76
43 45
43 50
44 85
47 62
47 77
48 49
49 56
53 67
55 71
55 96
56 65
56 97
62 63
67 75
67 81
69 73
69 79
70 88
76 87
87 98
89 91
89 94
