0 1
0 8
0 10
0 11
0 14
1 2
1 3
1 4
1 7
1 9
1 16
1 19
1 25
1 28
1 35
1 36
1 41
1 44
1 55
1 57
1 61
1 71
1 88
1 92
2 5
2 6
2 12
2 15
2 23
2 31
2 47
2 54
2 62
2 75
2 83
3 21
3 24
3 39
3 45
3 84
4 40
4 50
4 94
5 27
6 82
7 13
7 18
7 26
7 29
7 34
7 59
7 76
7 77
7 86
7 90
8 93
12 32
12 33
12 72
13 17
13 37
13 85
14 22
14 51
14 95
15 20
17 42
19 60
19 63
19 67
19 78
20 49
20 73
20 87
21 65
22 30
22 38
22 43
22 64
22 80
22 97
23 48
24 46
25 81
31 91
32 70
34 56
35 89
40 58
40 79
42 98
43 66
48 52
49 69
50 53
54 68
71 74
72 99
80 96
