0 1
0 4
0 5
0 6
0 9
0 11
0 15
0 18
0 29
0 32
0 34
0 37
0 57
0 60
0 65
0 95
0 98
1 2
1 7
1 99
2 3
2 20
2 27
2 76
3 12
4 8
4 26
4 64
4 85
6 14
6 16
6 19
6 23
6 25
6 35
6 42
6 44
6 56
6 78
6 89
7 22
7 33
7 40
7 59
7 80
7 86
7 93
8 10
8 13
8 24
8 38
8 46
8 52
8 53
8 61
8 79
8 82
9 21
9 39
9 58
9 81
11 30
15 41
16 17
16 66
18 28
21 31
21 77
22 47
22 49
25 69
27 63
28 36
28 45
28 54
28 62
28 73
30 87
31 67
34 68
36 55
37 72
37 74
38 51
38 90
39 75
40 43
41 84
41 92
43 48
47 70
49 50
51 97
53 83
59 71
62 91
70 88
80 96
92 94
