0 1
0 2
0 3
0 4
0 5
0 6
0 7
0 8
0 10
0 11
0 12
0 13
0 17
0 18
0 19
0 23
0 28
0 30
0 35
0 54
0 65
0 71
0 75
0 76
0 85
0 88
0 90
0 96
0 98
0 100
0 111
0 112
0 121
0 131
0 133
0 135
0 152
0 153
0 165
0 175
0 182
0 186
0 199
0 205
0 219
0 223
0 240
0 245
0 250
0 261
0 270
0 271
0 295
0 317
0 324
0 327
0 334
0 336
0 339
0 356
0 370
0 375
0 379
1 5
1 6
1 11
1 32
1 42
1 46
1 65
1 80
1 83
1 91
1 106
1 114
1 119
1 130
1 140
1 141
1 146
1 177
1 185
1 202
1 207
1 246
1 252
1 263
1 268
1 276
1 360
1 395
2 5
2 9
2 17
2 26
2 28
2 32
2 33
2 42
2 52
2 75
2 95
2 101
2 116
2 141
2 165
2 167
2 172
2 199
2 206
2 237
2 290
3 30
3 40
3 43
3 46
3 48
3 61
3 180
3 198
3 199
3 224
3 256
3 339
3 341
4 5
4 6
4 7
4 8
4 9
4 10
4 11
4 12
4 14
4 15
4 16
4 21
4 23
4 24
4 26
4 27
4 31
4 39
4 40
4 42
4 49
4 54
4 57
4 58
4 59
4 64
4 67
4 69
4 72
4 76
4 83
4 99
4 106
4 112
4 113
4 116
4 123
4 126
4 131
4 135
4 136
4 147
4 171
4 183
4 188
4 190
4 193
4 216
4 217
4 221
4 226
4 230
4 235
4 259
4 264
4 265
4 279
4 280
4 291
4 306
4 330
4 331
4 352
4 371
4 376
4 379
4 392
4 393
4 395
5 6
5 7
5 8
5 9
5 10
5 12
5 15
5 18
5 19
5 20
5 22
5 29
5 35
5 37
5 38
5 49
5 53
5 57
5 58
5 63
5 66
5 71
5 87
5 90
5 108
5 159
5 175
5 197
5 203
5 208
5 218
5 221
5 234
5 240
5 259
5 270
5 290
5 292
5 296
5 302
5 311
5 345
5 347
6 7
6 13
6 14
6 15
6 16
6 17
6 18
6 21
6 24
6 29
6 30
6 31
6 36
6 42
6 44
6 50
6 53
6 64
6 66
6 67
6 69
6 100
6 110
6 113
6 132
6 133
6 145
6 150
6 159
6 160
6 161
6 204
6 209
6 213
6 220
6 231
6 232
6 240
6 266
6 289
6 310
6 335
6 349
6 359
6 360
7 8
7 11
7 12
7 13
7 18
7 36
7 52
7 58
7 61
7 63
7 68
7 79
7 80
7 108
7 110
7 117
7 142
7 143
7 224
7 228
7 236
7 253
7 263
7 280
7 285
7 286
7 287
7 298
7 300
7 301
7 307
7 330
7 346
7 372
7 381
8 9
8 13
8 14
8 16
8 20
8 22
8 25
8 27
8 29
8 31
8 37
8 41
8 48
8 49
8 50
8 54
8 55
8 59
8 60
8 63
8 64
8 67
8 74
8 77
8 78
8 84
8 88
8 97
8 104
8 110
8 113
8 118
8 120
8 122
8 124
8 130
8 144
8 145
8 151
8 152
8 154
8 155
8 157
8 161
8 166
8 168
8 170
8 173
8 178
8 185
8 190
8 193
8 200
8 204
8 210
8 216
8 224
8 242
8 247
8 249
8 261
8 267
8 268
8 269
8 271
8 290
8 295
8 297
8 308
8 313
8 321
8 325
8 337
8 350
8 358
8 360
8 363
8 364
8 365
8 370
8 381
8 388
9 10
9 20
9 23
9 27
9 31
9 38
9 107
9 122
9 123
9 157
9 171
9 196
9 243
9 252
9 295
9 303
9 358
9 393
10 16
10 29
10 35
10 39
10 44
10 45
10 94
10 102
10 113
10 190
10 192
10 217
10 236
10 253
10 274
10 305
10 320
10 332
10 343
10 350
10 389
11 19
11 22
11 23
11 24
11 26
11 27
11 34
11 46
11 48
11 51
11 56
11 65
11 82
11 86
11 103
11 115
11 144
11 190
11 198
11 230
11 257
11 288
11 294
11 308
11 369
11 389
12 15
12 38
12 43
12 50
12 56
12 69
12 95
12 97
12 103
12 121
12 258
12 269
12 272
12 275
12 300
12 396
13 14
13 17
13 28
13 30
13 33
13 44
13 71
13 74
13 96
13 141
13 142
13 158
13 172
13 187
13 205
13 217
13 222
13 245
13 267
13 282
13 303
13 323
13 325
13 352
13 354
13 385
14 41
14 78
14 105
14 223
14 227
14 248
15 20
15 21
15 25
15 28
15 36
15 38
15 52
15 54
15 57
15 60
15 91
15 114
15 117
15 137
15 143
15 152
15 186
15 187
15 203
15 219
15 223
15 233
15 239
15 249
15 253
15 281
15 293
15 309
15 332
15 344
15 351
16 19
16 21
16 22
16 25
16 55
16 57
16 87
16 102
16 115
16 136
16 208
16 280
16 322
16 345
17 83
17 96
17 105
17 109
17 122
17 136
17 194
17 310
18 24
18 32
18 44
18 51
18 68
18 69
18 70
18 73
18 82
18 99
18 104
18 132
18 156
18 160
18 167
18 169
18 184
18 192
18 198
18 228
18 236
18 253
18 286
18 355
19 25
19 33
19 47
19 53
19 81
19 100
19 103
19 128
19 145
19 146
19 169
19 182
19 319
19 339
20 26
20 34
20 41
20 49
20 56
20 59
20 64
20 84
20 86
20 91
20 129
20 156
20 163
20 189
20 211
20 231
20 268
20 275
20 277
20 335
20 337
21 65
21 112
21 170
21 184
21 203
21 215
21 376
22 56
22 77
22 94
22 127
22 153
22 210
22 255
22 390
23 47
23 86
23 98
23 178
23 286
23 316
24 39
24 101
24 129
24 135
24 136
24 186
24 202
24 215
24 218
24 292
24 379
25 33
25 45
25 115
25 120
25 186
25 198
25 353
25 358
25 398
26 32
26 79
26 82
26 88
26 93
26 121
26 128
26 132
26 137
26 210
26 211
26 229
26 282
26 302
26 341
26 355
27 34
27 47
27 73
27 126
27 155
27 181
27 270
27 288
27 342
27 371
28 36
28 37
28 50
28 51
28 116
28 131
28 132
28 137
28 150
28 151
28 160
28 181
28 260
28 262
28 338
29 37
29 40
29 41
29 55
29 79
29 107
29 109
29 121
29 122
29 126
29 156
29 175
29 176
29 205
29 214
29 239
29 284
29 317
29 330
29 337
29 367
30 87
30 154
30 204
30 258
30 301
31 45
31 90
31 129
32 34
32 39
32 48
32 51
32 61
32 234
32 398
33 35
33 43
33 72
33 85
33 124
33 125
33 170
33 177
33 195
33 196
33 223
33 351
33 357
33 363
33 370
33 396
34 75
34 97
34 102
34 106
34 134
34 139
34 181
34 191
34 227
34 242
34 243
34 346
34 372
35 78
35 120
35 123
35 141
35 162
35 256
35 294
35 321
35 341
35 349
35 368
35 395
36 53
36 72
36 74
36 84
36 104
36 107
36 110
36 126
36 229
36 232
36 236
36 238
36 296
37 47
37 71
37 112
37 115
37 127
37 158
37 250
37 259
37 338
37 362
38 40
38 43
38 46
38 55
38 66
38 70
38 96
38 98
38 114
38 117
38 133
38 148
38 166
38 172
38 191
38 229
38 230
38 240
38 310
38 311
38 333
38 343
38 345
38 352
38 363
38 387
39 206
39 287
39 304
39 319
40 77
40 179
40 188
40 220
40 255
40 301
40 331
40 349
41 45
41 62
41 79
41 111
41 159
41 167
41 275
41 384
42 81
42 95
42 97
42 103
42 288
43 59
43 62
43 78
43 104
43 105
43 108
43 123
43 137
43 284
43 363
43 369
44 52
44 62
44 82
44 111
44 128
44 261
44 312
45 161
45 178
45 187
45 195
45 218
46 68
46 139
46 144
46 173
46 225
46 260
46 267
46 335
46 396
47 60
47 67
47 76
47 81
47 98
47 147
47 210
47 244
47 249
47 255
47 320
47 340
47 378
48 58
48 87
48 143
48 149
48 214
48 226
48 289
48 336
49 60
49 68
49 88
49 89
49 91
49 99
49 118
49 169
49 203
49 211
49 283
49 284
49 298
49 366
49 367
49 376
50 85
50 111
50 271
50 272
50 386
51 77
51 194
51 217
52 94
52 177
52 216
52 256
52 380
53 109
53 149
53 353
53 372
54 62
54 72
54 73
54 74
54 101
54 108
54 140
54 201
54 233
54 277
54 385
55 93
55 120
55 213
55 222
55 237
55 262
55 373
56 140
56 178
56 324
56 328
57 92
57 148
57 158
57 376
58 244
59 61
59 174
59 196
59 205
59 241
59 251
59 257
59 263
59 288
60 84
60 93
60 147
60 162
60 173
60 237
60 323
60 386
61 63
61 95
61 119
61 140
61 171
61 231
61 247
62 86
62 170
62 385
63 85
63 106
63 264
64 70
64 73
64 102
64 116
64 134
64 139
64 250
65 66
65 76
65 89
65 124
65 149
65 166
65 231
65 232
65 348
66 89
66 92
66 182
66 235
67 70
67 83
67 244
67 276
67 297
67 356
67 378
68 207
68 221
68 222
68 234
68 284
68 336
68 348
69 75
69 165
69 238
69 316
69 368
70 80
70 171
71 81
71 90
71 118
72 199
72 281
72 303
73 133
73 138
73 162
73 304
74 397
75 164
75 176
75 180
75 201
75 228
76 92
76 153
77 114
77 150
77 163
77 179
77 248
77 297
77 298
77 315
78 80
78 188
78 332
78 394
79 89
79 93
79 142
79 144
79 146
79 243
79 255
79 372
80 130
81 157
81 161
81 334
81 399
82 99
82 232
82 238
84 152
84 157
85 94
85 148
85 159
85 172
85 296
85 377
86 151
86 169
86 176
86 181
86 194
86 246
86 273
86 274
86 325
86 366
87 92
87 350
87 386
88 134
88 164
88 311
89 163
89 305
91 117
91 128
91 160
91 166
91 187
91 252
91 315
91 326
91 346
91 355
91 366
91 378
92 105
92 119
92 302
92 314
93 107
93 227
94 135
94 292
95 109
95 125
95 142
95 202
95 241
95 311
95 340
96 173
96 185
96 379
97 100
97 131
97 183
97 197
97 233
97 249
97 271
97 307
97 351
98 101
98 125
98 154
99 265
99 301
100 124
100 164
100 165
100 197
100 202
100 266
100 327
100 340
100 398
101 265
101 394
102 127
102 130
102 179
102 180
102 225
102 226
102 351
102 374
103 138
103 278
104 143
104 145
104 189
104 194
104 207
104 220
104 296
104 322
104 327
104 333
105 167
106 338
107 118
107 303
108 274
109 125
110 146
110 175
110 313
111 226
111 313
111 353
112 119
112 134
112 208
112 382
113 129
113 163
113 180
113 188
113 215
113 254
113 280
113 300
113 384
114 196
114 239
114 355
115 212
116 153
116 213
116 289
116 354
117 258
119 397
120 149
120 154
120 357
121 176
121 183
121 185
122 138
122 248
122 266
122 383
123 150
123 216
124 168
124 184
124 328
125 127
125 155
125 373
126 156
126 254
126 359
126 391
128 211
128 344
128 350
129 151
129 174
129 192
129 398
129 399
130 189
130 238
130 312
130 365
130 392
131 359
131 373
132 139
132 193
133 237
133 291
133 293
133 329
134 147
134 162
134 164
134 214
134 321
134 340
135 179
135 251
136 174
136 269
137 138
137 227
137 272
137 381
138 306
139 200
139 278
139 291
140 148
140 158
140 168
140 245
140 246
140 282
140 285
140 315
140 331
140 343
142 184
142 195
142 380
143 229
143 325
144 191
144 209
144 215
144 297
145 189
145 195
145 305
145 309
145 347
146 191
146 294
147 250
147 267
147 299
150 168
150 264
151 209
151 245
151 251
151 270
152 208
152 209
152 224
154 155
154 260
154 374
154 397
155 174
157 314
158 207
158 266
158 316
159 279
159 326
159 358
160 212
160 260
160 279
160 289
161 246
161 262
162 218
162 248
163 212
164 247
164 390
165 183
165 225
166 182
166 285
166 308
166 318
166 322
167 177
167 200
167 230
167 273
167 392
170 273
170 324
170 327
170 389
171 206
171 256
171 294
171 326
172 310
173 212
173 221
173 306
173 393
174 225
174 234
174 264
174 281
176 197
176 244
176 344
177 222
178 276
180 274
180 323
181 357
181 361
181 364
182 305
183 193
183 204
183 283
183 328
183 365
183 386
184 192
184 219
184 239
184 269
184 278
184 323
184 362
184 382
184 396
186 241
186 254
187 206
187 383
187 392
188 214
188 257
188 299
188 360
188 373
188 377
188 380
189 308
191 233
193 201
195 201
195 213
195 329
196 309
197 242
197 272
197 328
197 377
197 391
198 200
198 364
198 393
199 235
199 326
199 338
199 390
200 292
201 307
201 329
203 357
204 219
204 228
204 258
204 348
204 383
205 243
205 378
206 220
206 241
206 259
206 291
206 319
206 381
207 268
207 384
208 343
208 365
209 315
209 342
210 257
215 300
215 320
216 336
217 367
219 290
220 318
220 362
222 333
224 235
224 247
224 312
224 335
224 370
224 388
225 283
227 304
227 320
227 371
228 304
229 277
230 254
230 276
231 299
232 316
232 388
233 252
233 339
233 354
234 251
234 262
234 313
235 356
235 387
236 374
237 242
237 293
237 337
239 261
239 322
240 389
241 265
241 346
241 348
242 366
245 387
247 287
248 314
248 331
249 361
250 278
251 285
252 275
252 390
253 318
253 361
254 273
255 277
255 319
255 375
255 380
257 353
261 341
261 364
261 374
262 263
262 287
263 317
265 283
265 387
267 295
267 385
268 375
270 299
270 302
270 344
271 334
272 391
273 309
275 279
275 332
276 368
277 369
280 281
281 282
281 286
281 333
281 361
282 314
283 293
283 321
284 368
285 298
285 312
286 375
286 382
289 397
292 347
295 324
297 329
299 307
300 330
301 306
301 349
302 359
306 395
308 318
314 317
316 394
317 382
318 362
321 352
326 354
327 345
327 399
330 367
332 334
335 342
336 371
337 342
338 356
343 377
346 347
356 391
357 388
359 394
362 369
368 383
375 384
398 399
