0 1
0 2
0 3
0 5
0 7
0 9
0 15
0 17
0 19
0 23
0 25
0 26
0 29
0 31
0 35
0 36
0 43
0 51
0 59
0 60
0 67
0 89
0 99
2 4
2 11
2 12
2 27
2 64
3 8
3 10
3 61
3 63
3 85
4 49
4 65
4 94
5 6
5 13
5 37
5 38
5 48
5 69
5 77
5 84
6 18
6 21
6 24
6 30
6 33
6 39
6 41
6 42
6 52
6 75
6 79
6 96
7 46
8 20
8 34
8 62
10 45
10 95
11 16
13 14
15 32
19 50
20 22
20 28
25 83
26 53
31 47
32 98
33 57
33 70
33 86
34 40
34 44
34 78
34 91
36 54
36 55
38 66
38 87
41 56
41 58
41 93
46 90
50 73
54 74
55 68
62 92
62 97
64 71
64 72
64 76
65 81
69 80
73 88
75 82
