0 1
0 2
0 3
0 4
0 5
0 7
0 8
0 10
0 12
0 13
0 19
0 21
0 29
0 30
0 32
0 34
0 47
0 57
0 85
0 88
0 96
0 101
0 106
0 110
0 112
0 123
0 125
0 134
0 152
0 162
0 174
0 191
1 5
1 6
1 10
1 28
1 30
1 41
1 90
1 189
2 5
2 6
2 7
2 9
2 12
2 14
2 16
2 19
2 22
2 25
2 37
2 38
2 49
2 51
2 56
2 62
2 64
2 72
2 97
2 105
2 110
2 114
2 131
2 151
2 179
2 184
3 6
3 9
3 24
3 31
3 68
3 78
3 96
3 97
3 112
4 5
4 7
4 8
4 11
4 14
4 15
4 20
4 22
4 23
4 25
4 28
4 33
4 38
4 41
4 43
4 45
4 50
4 52
4 54
4 59
4 65
4 67
4 75
4 93
4 95
4 100
4 104
4 111
4 144
4 145
4 147
4 158
4 160
4 165
4 180
4 181
4 187
4 192
4 196
5 6
5 7
5 8
5 10
5 12
5 13
5 18
5 20
5 22
5 23
5 26
5 28
5 29
5 30
5 34
5 35
5 42
5 44
5 75
5 76
5 81
5 95
5 97
5 102
5 118
5 150
5 154
5 186
6 8
6 11
6 13
6 15
6 16
6 17
6 18
6 24
6 27
6 29
6 38
6 46
6 54
6 63
6 65
6 71
6 73
6 74
6 77
6 109
6 117
6 124
6 171
6 173
6 183
6 185
7 9
7 10
7 11
7 12
7 15
7 16
7 17
7 21
7 24
7 26
7 30
7 32
7 34
7 37
7 39
7 43
7 51
7 66
7 73
7 74
7 75
7 80
7 82
7 83
7 86
7 91
7 100
7 107
7 111
7 116
7 120
7 128
7 137
7 169
7 179
7 182
7 191
7 194
7 199
8 9
8 46
8 48
8 52
8 56
8 67
8 70
8 101
8 106
8 122
8 129
8 152
8 199
9 11
9 19
9 32
9 36
9 40
9 44
9 59
9 83
9 86
9 98
9 106
9 113
9 127
9 129
9 140
9 169
9 175
9 181
9 182
9 190
9 193
10 13
10 15
10 17
10 21
10 22
10 27
10 36
10 39
10 53
10 59
10 64
10 67
10 69
10 72
10 87
10 91
10 93
10 114
10 115
10 121
10 128
10 137
10 144
10 149
10 156
10 177
10 195
11 17
11 18
11 34
11 44
11 57
11 88
11 119
11 124
12 14
12 19
12 20
12 21
12 26
12 28
12 36
12 58
12 84
12 96
12 100
12 101
12 108
12 132
12 154
12 165
12 176
12 192
13 14
13 16
13 25
13 27
13 45
13 47
13 58
13 95
13 98
13 103
13 104
13 113
13 130
13 138
13 148
13 150
13 161
14 31
14 50
14 68
14 198
15 141
15 160
16 20
16 23
16 24
16 25
16 27
16 31
16 33
16 35
16 38
16 42
16 45
16 48
16 51
16 54
16 64
16 76
16 77
16 80
16 81
16 83
16 86
16 87
16 97
16 112
16 126
16 128
16 131
16 150
16 152
16 166
16 188
17 18
17 23
17 29
17 65
17 71
17 92
17 125
17 132
17 155
17 186
17 194
18 40
18 63
18 85
18 177
18 183
19 94
19 99
19 109
20 33
20 58
20 130
20 146
20 180
20 189
21 33
21 39
21 54
21 60
21 71
21 102
21 129
21 143
21 145
21 187
22 41
22 52
22 85
22 93
22 118
22 139
22 143
22 159
22 162
22 183
23 26
23 31
23 62
23 105
23 157
24 40
24 49
24 69
24 78
24 79
24 135
24 175
24 176
25 35
25 42
25 64
25 72
25 140
25 145
25 186
25 188
26 37
26 46
26 57
26 59
26 79
26 84
26 86
26 111
26 116
26 120
26 122
26 133
26 139
26 140
26 147
26 178
27 32
27 47
27 53
27 70
27 88
28 39
28 50
28 55
28 56
28 78
28 89
28 107
29 168
30 36
30 42
30 46
30 49
30 60
30 79
30 134
30 157
30 174
31 50
31 98
32 92
32 99
32 109
33 35
33 43
33 74
33 80
33 87
33 98
33 113
33 144
33 167
33 195
34 89
34 103
34 155
35 37
35 55
35 60
35 92
35 110
35 117
35 136
35 137
35 148
35 199
36 40
36 48
36 89
36 123
36 163
36 181
37 43
37 45
37 63
37 67
37 69
37 75
37 99
37 101
37 137
38 55
38 74
38 164
38 165
39 160
39 197
40 41
40 48
40 53
40 60
40 61
40 62
40 69
40 78
40 90
40 94
40 197
41 47
41 70
41 112
42 44
42 51
42 146
42 158
42 167
43 49
43 52
43 66
43 80
43 132
43 157
43 163
43 169
43 196
44 72
44 73
44 77
44 103
44 111
44 115
44 116
45 61
45 66
45 81
46 84
46 136
47 87
47 113
48 62
48 118
48 142
48 147
48 151
49 53
49 57
49 58
49 76
49 77
49 79
49 131
49 133
49 150
49 162
50 92
50 94
50 107
50 134
50 188
51 56
52 61
52 66
52 108
52 119
53 149
53 153
54 55
54 121
54 188
55 68
55 90
55 99
55 121
56 68
56 105
56 108
56 138
56 148
56 155
57 65
57 128
57 130
57 161
57 168
57 170
57 196
57 198
58 96
58 115
58 117
58 161
59 61
59 76
59 95
59 167
60 91
60 119
60 144
60 171
61 126
61 138
61 145
61 184
62 63
62 102
62 195
63 81
63 120
63 123
63 129
63 132
63 192
63 196
63 197
64 104
64 122
64 142
64 153
64 166
64 172
64 187
65 163
66 114
66 133
67 105
67 164
67 184
68 73
68 82
68 89
68 127
68 155
68 194
69 70
69 71
69 130
70 110
70 193
71 167
72 85
73 84
73 100
73 166
74 121
75 90
75 148
76 83
76 88
76 103
76 136
77 82
77 94
77 118
77 124
77 135
77 146
78 140
78 151
79 82
79 139
80 122
80 146
80 149
80 164
81 109
81 114
81 142
82 108
82 119
82 154
82 172
82 185
83 102
84 139
85 91
86 93
87 153
88 104
89 135
89 141
92 172
92 180
94 126
95 163
96 134
96 153
96 176
97 184
98 159
99 125
99 142
99 189
99 190
100 106
100 154
101 107
102 141
104 124
104 135
104 187
105 117
105 123
105 151
105 178
106 131
106 177
107 168
108 120
110 197
111 189
112 115
112 133
113 116
113 125
113 126
113 127
113 143
114 143
115 127
115 178
116 176
118 159
118 175
123 157
123 194
124 181
125 162
126 141
126 164
127 191
128 138
128 165
128 193
129 179
129 190
130 178
132 180
133 147
133 152
133 175
135 136
135 191
136 156
137 160
137 172
137 173
138 170
139 186
142 182
143 158
145 149
145 166
148 156
148 173
150 174
151 156
151 158
151 159
151 169
151 174
153 161
153 185
156 170
157 199
158 171
158 182
160 170
164 168
164 179
167 173
168 171
169 185
172 195
173 177
175 193
177 190
182 183
185 192
189 198
193 198
