0 1
0 31
0 35
0 42
0 85
1 2
1 4
1 9
1 64
1 73
1 84
1 108
1 116
1 123
1 139
1 155
1 199
2 3
2 5
2 8
2 14
2 17
2 19
2 20
2 36
2 51
2 118
2 126
2 134
2 161
2 184
2 187
2 193
3 169
4 10
4 86
4 137
4 140
5 6
5 7
5 12
5 13
5 32
5 90
5 103
5 141
6 23
6 37
6 60
6 99
6 130
6 136
6 148
6 175
7 83
8 11
8 24
9 147
10 30
10 97
11 26
11 27
12 15
12 25
12 29
12 50
12 81
12 105
13 16
13 33
13 163
14 74
15 196
16 40
16 192
17 18
17 115
18 22
19 21
19 28
19 38
19 46
19 54
19 80
19 88
19 138
19 142
19 194
20 43
20 44
20 89
20 128
20 197
21 45
21 131
22 76
22 91
24 41
24 61
24 100
24 109
24 195
25 55
25 122
25 180
27 34
27 47
27 49
27 52
27 57
27 63
27 66
27 94
27 95
27 96
27 98
27 102
27 107
27 110
27 121
27 135
27 145
27 149
27 172
27 185
28 127
28 190
29 143
29 159
30 62
30 124
31 48
31 56
31 70
31 173
32 39
32 72
32 113
33 59
35 53
35 75
35 79
35 87
35 183
37 65
37 67
37 112
37 174
37 178
39 177
41 133
43 153
44 165
45 92
45 160
45 181
45 189
47 111
48 152
48 158
49 58
49 78
49 101
49 125
50 68
53 162
58 182
61 82
61 114
65 71
65 117
66 186
68 69
68 144
70 120
71 150
72 106
74 77
74 93
74 104
75 170
93 119
93 167
93 188
94 154
103 156
108 198
115 166
117 129
117 132
120 146
120 157
120 171
130 151
147 164
149 176
151 179
159 191
163 168
