0 1
0 2
0 3
0 4
0 5
0 6
0 10
0 12
0 16
0 22
0 24
0 33
0 34
0 38
0 42
0 47
0 48
0 53
0 59
0 60
0 65
0 66
0 77
0 89
0 99
0 101
0 103
0 120
0 128
0 140
0 151
0 154
0 161
0 171
0 178
0 193
0 195
2 69
2 105
2 122
3 7
3 29
3 37
3 43
3 63
3 116
3 137
3 150
3 168
3 173
3 177
3 181
4 8
4 55
4 67
4 163
4 191
4 196
5 9
5 11
5 27
5 50
5 133
6 98
6 121
6 167
7 23
7 25
7 39
7 46
7 51
7 52
7 86
7 174
7 197
9 13
9 14
9 15
9 19
9 26
9 35
9 57
9 87
9 118
9 138
9 176
9 180
10 45
10 56
10 82
10 110
10 131
10 166
11 17
11 132
12 20
12 21
12 147
13 95
13 102
13 107
13 130
13 149
13 157
14 136
15 28
16 44
16 104
17 18
17 111
17 158
18 54
18 155
18 194
20 36
20 64
20 198
21 32
21 71
21 81
21 182
22 30
22 49
24 189
25 31
25 91
29 78
30 41
32 62
32 72
32 108
32 146
33 124
34 61
34 88
36 40
36 74
36 76
36 97
36 127
39 169
40 73
40 96
40 153
40 185
41 187
42 148
45 68
45 70
45 145
46 79
48 58
48 92
48 113
50 94
50 164
58 93
58 141
58 175
58 184
59 85
60 84
61 75
63 139
64 80
64 106
64 115
66 83
66 119
68 100
69 125
71 144
75 135
76 123
76 159
81 109
82 156
85 90
89 143
90 162
92 112
92 142
95 190
105 114
105 134
107 192
110 172
110 199
115 117
117 160
117 179
120 126
122 152
124 129
129 170
158 183
162 165
166 188
173 186
