0 1
0 2
0 3
0 4
0 5
0 6
0 7
0 10
0 11
0 13
0 17
0 19
0 20
0 22
0 25
0 26
0 30
0 32
0 35
0 42
0 45
0 46
0 52
0 60
0 63
0 95
0 120
0 130
0 136
0 137
0 143
0 148
0 151
0 156
0 158
0 178
0 194
0 195
1 5
1 6
1 8
1 9
1 10
1 11
1 13
1 15
1 16
1 17
1 18
1 27
1 28
1 31
1 33
1 36
1 37
1 38
1 43
1 45
1 47
1 52
1 59
1 63
1 69
1 70
1 75
1 79
1 80
1 81
1 95
1 98
1 111
1 112
1 117
1 123
1 125
1 137
1 138
1 145
1 150
1 152
1 156
1 173
1 180
1 188
2 5
2 8
2 14
2 18
2 29
2 30
2 66
2 90
2 142
2 176
3 5
3 6
3 7
3 10
3 21
3 22
3 35
3 41
3 44
3 54
3 64
3 65
3 71
3 72
3 74
3 92
3 106
3 107
3 118
3 141
3 144
3 146
3 150
3 164
3 197
5 6
5 7
5 8
5 9
5 11
5 12
5 14
5 16
5 18
5 19
5 20
5 21
5 23
5 26
5 27
5 28
5 31
5 32
5 33
5 34
5 35
5 38
5 39
5 41
5 43
5 46
5 47
5 50
5 54
5 57
5 59
5 64
5 66
5 67
5 68
5 69
5 79
5 81
5 83
5 84
5 86
5 91
5 93
5 95
5 99
5 100
5 102
5 103
5 106
5 107
5 108
5 112
5 118
5 124
5 126
5 129
5 133
5 134
5 143
5 144
5 145
5 154
5 155
5 165
5 166
5 167
5 168
5 174
5 181
5 183
5 191
5 194
6 7
6 8
6 9
6 12
6 16
6 29
6 30
6 34
6 37
6 40
6 74
6 76
6 85
6 102
6 130
6 141
6 159
6 186
6 187
7 47
7 70
7 115
7 128
7 160
8 9
8 11
8 13
8 14
8 17
8 19
8 22
8 23
8 24
8 29
8 48
8 51
8 56
8 57
8 78
8 82
8 117
8 123
8 127
8 142
8 144
8 145
8 146
8 154
8 171
8 176
8 189
9 10
9 12
9 14
9 16
9 17
9 24
9 31
9 32
9 38
9 39
9 49
9 50
9 53
9 58
9 60
9 61
9 64
9 75
9 103
9 109
9 117
9 123
9 151
9 163
9 166
9 182
9 186
9 197
9 198
10 15
10 19
10 21
10 24
10 34
10 42
10 53
10 65
10 68
10 86
10 105
10 128
10 169
10 179
11 12
11 13
11 18
11 27
11 28
11 30
11 38
11 42
11 48
11 56
11 80
11 81
11 88
11 103
11 116
11 126
11 142
11 147
11 149
11 189
12 20
12 37
12 43
12 58
12 76
12 83
12 91
12 105
12 111
12 118
12 160
12 176
12 177
12 184
12 185
13 15
13 26
13 35
13 114
13 148
13 180
13 185
14 15
14 25
14 36
14 71
14 90
14 121
14 160
15 80
15 192
16 39
16 40
16 45
16 59
16 69
16 73
16 81
16 86
16 99
16 100
16 107
16 140
16 181
16 188
17 25
17 55
17 82
17 134
17 158
17 179
18 21
18 28
18 44
18 55
18 72
18 78
18 90
18 98
18 152
19 20
19 27
19 33
19 52
19 62
19 96
19 149
19 174
19 177
19 179
20 33
20 41
20 46
20 62
20 94
20 114
20 147
20 148
20 154
20 197
21 22
21 23
21 24
21 26
21 51
21 82
21 90
21 91
21 93
21 140
21 149
21 178
22 23
22 29
22 36
22 46
22 49
22 54
22 56
22 58
22 61
22 71
22 79
22 106
22 152
22 171
22 192
23 25
23 51
23 61
23 67
23 74
23 126
23 145
23 169
23 193
23 197
24 54
24 127
24 162
25 34
25 55
25 100
25 101
25 164
26 31
26 36
26 44
26 58
26 85
26 122
26 123
26 135
26 140
26 141
26 196
26 198
27 78
27 87
27 193
28 48
28 52
28 53
28 88
28 136
29 98
29 176
30 89
30 97
30 110
31 32
31 40
31 42
31 43
31 91
31 96
31 104
31 109
31 151
31 172
32 40
32 88
32 104
32 127
32 138
32 161
33 47
33 48
33 49
33 63
33 99
33 124
33 153
33 194
34 96
34 170
35 37
35 41
35 57
35 72
35 101
35 116
35 163
35 169
35 189
36 50
36 66
36 76
36 80
36 84
36 102
36 122
36 177
37 44
37 49
37 158
37 190
38 39
38 65
38 70
38 83
38 177
38 182
39 69
39 94
39 96
39 130
39 170
39 187
40 75
40 119
40 191
41 67
41 71
41 77
41 87
41 88
41 110
41 136
41 194
42 45
42 50
42 57
42 61
42 73
42 115
42 157
43 60
43 68
43 84
43 85
43 87
43 99
43 161
43 184
44 114
44 139
44 152
45 51
45 53
45 86
45 95
45 110
45 120
45 150
45 156
45 157
45 171
45 180
45 192
45 195
46 55
46 77
46 101
46 113
46 159
46 188
46 190
47 89
47 97
47 155
47 184
48 59
48 67
48 137
48 175
48 191
49 56
49 62
50 60
50 74
50 154
50 167
51 97
51 142
51 163
51 165
51 170
51 199
52 173
52 190
54 186
55 89
55 100
56 84
56 109
57 63
57 113
57 148
57 165
59 65
59 129
59 139
59 162
59 163
60 64
60 66
60 85
60 87
60 135
60 187
61 62
61 68
61 114
61 131
62 78
62 172
63 133
64 70
64 93
64 108
64 146
64 164
64 169
64 173
64 199
65 77
65 83
65 92
65 93
65 121
65 198
66 106
66 134
66 175
67 103
67 119
67 139
68 109
68 167
69 73
69 92
69 94
69 102
69 125
69 199
70 72
70 73
70 75
71 178
72 108
72 117
72 119
72 132
72 155
72 160
72 180
73 77
73 171
74 111
74 153
75 76
76 98
76 113
76 121
76 125
76 157
77 79
77 125
77 161
77 173
77 186
77 196
78 94
78 110
78 143
78 168
78 172
78 179
78 181
79 82
79 184
80 89
80 188
81 131
81 133
82 104
82 107
82 112
82 115
83 122
83 159
84 104
84 128
84 146
85 135
86 97
86 101
86 105
86 118
86 131
86 168
87 116
87 124
87 128
87 162
88 124
88 140
88 191
90 92
90 132
92 141
92 147
92 182
92 185
94 112
94 183
95 121
95 138
95 174
96 161
97 127
98 115
98 129
98 131
98 190
98 198
99 175
100 156
101 196
102 130
102 178
102 196
104 105
104 108
104 111
105 132
106 119
106 137
106 183
107 120
108 122
108 149
109 113
111 116
111 153
112 155
113 193
114 138
115 120
117 129
118 133
118 139
118 153
118 195
119 193
120 132
122 126
122 144
122 164
122 195
123 151
124 189
125 162
126 136
127 147
128 158
130 192
131 168
132 181
133 134
134 135
134 143
134 150
137 166
138 187
141 157
141 159
143 165
152 182
153 167
155 185
158 170
158 183
162 166
167 174
170 175
171 172
182 199
