0 1
0 2
0 3
0 4
0 5
0 6
0 7
0 9
0 10
0 13
0 14
0 16
0 17
0 18
0 19
0 20
0 22
0 23
0 24
0 25
0 27
0 34
0 37
0 42
0 45
0 46
0 47
0 49
0 50
0 59
0 61
0 63
0 64
0 69
0 71
0 73
0 93
0 96
0 99
0 106
0 110
0 113
0 114
0 122
0 130
0 146
0 157
0 179
0 197
1 5
1 8
1 9
1 12
1 13
1 16
1 18
1 21
1 24
1 32
1 35
1 38
1 40
1 48
1 66
1 79
1 84
1 85
1 90
1 96
1 118
1 131
1 153
1 158
1 160
1 164
1 168
1 178
2 5
2 6
2 9
2 12
2 14
2 17
2 27
2 57
2 58
2 86
2 100
2 112
2 127
2 130
2 174
2 184
3 6
3 7
3 8
3 11
3 18
3 24
3 25
3 26
3 40
3 53
3 54
3 68
3 70
3 80
3 88
3 90
3 91
3 115
3 153
3 177
3 182
4 5
4 8
4 16
4 17
4 20
4 32
4 44
4 46
4 69
4 99
4 115
4 135
4 137
4 148
4 161
4 171
4 176
4 180
5 6
5 7
5 8
5 10
5 26
5 27
5 28
5 33
5 41
5 49
5 55
5 62
5 72
5 77
5 78
5 80
5 89
5 104
5 110
5 116
5 119
5 145
5 149
5 163
5 189
5 197
6 7
6 9
6 11
6 14
6 15
6 20
6 21
6 27
6 29
6 33
6 36
6 37
6 42
6 47
6 48
6 57
6 59
6 63
6 71
6 82
6 95
6 128
6 155
6 172
7 10
7 11
7 13
7 14
7 15
7 16
7 18
7 20
7 22
7 24
7 28
7 29
7 36
7 39
7 41
7 43
7 50
7 52
7 56
7 57
7 58
7 59
7 61
7 67
7 69
7 71
7 74
7 75
7 79
7 96
7 104
7 105
7 106
7 109
7 120
7 126
7 143
7 166
7 173
7 175
7 197
8 10
8 11
8 15
8 21
8 22
8 26
8 40
8 48
8 49
8 50
8 52
8 54
8 66
8 83
8 124
8 136
8 141
8 150
8 167
9 12
9 13
9 28
9 29
9 34
9 35
9 37
9 43
9 52
9 56
9 63
9 81
9 97
9 98
9 114
9 130
9 147
9 165
10 15
10 70
10 73
10 86
10 88
10 116
10 136
10 146
10 158
10 195
10 196
11 12
11 17
11 19
11 23
11 25
11 26
11 32
11 49
11 68
11 108
11 109
11 114
11 175
11 176
11 189
11 195
12 19
12 37
12 40
12 50
12 53
12 57
12 66
12 78
12 91
12 92
12 142
12 172
13 31
13 33
13 54
13 151
13 184
14 30
14 31
14 36
14 41
14 43
14 47
14 51
14 79
14 85
14 94
14 153
14 160
14 170
14 187
15 23
15 28
15 31
15 33
15 81
15 85
15 94
15 110
15 157
15 168
15 173
16 21
16 52
16 62
16 92
16 143
17 25
17 35
17 39
17 64
17 72
17 102
17 121
17 128
17 135
17 162
17 181
17 188
17 196
18 19
18 29
18 36
18 56
18 80
18 82
18 126
18 128
18 164
18 173
19 41
19 42
19 61
19 126
19 190
20 22
20 30
20 39
20 45
20 62
20 77
20 81
20 92
20 97
20 107
20 121
20 131
20 134
20 147
20 174
20 180
20 186
21 23
21 51
21 61
21 132
21 135
21 163
21 172
22 46
22 60
22 192
23 30
23 88
24 34
24 98
24 120
24 137
24 154
24 182
24 190
25 43
25 54
25 66
25 77
25 93
25 100
25 118
25 144
25 176
25 182
26 34
26 99
26 111
26 112
26 187
26 196
27 30
27 32
27 74
27 78
27 94
27 106
27 123
27 129
27 133
27 144
27 146
27 183
27 196
27 199
28 35
28 44
28 80
28 89
28 110
28 115
28 169
29 31
29 38
29 39
29 51
29 76
29 112
29 119
29 140
29 149
29 168
29 178
30 44
30 45
30 64
30 133
31 38
31 51
31 67
31 71
31 95
31 119
31 124
32 58
32 109
33 69
33 161
34 38
34 76
34 137
34 159
34 189
35 42
35 72
35 90
35 102
35 134
35 139
35 191
36 137
36 195
37 56
37 70
37 93
37 125
37 155
38 47
38 55
38 58
38 74
38 83
38 130
38 149
40 60
40 63
40 68
41 84
41 185
42 44
42 46
42 48
42 55
42 98
42 105
42 122
42 138
42 155
42 180
43 45
43 77
43 139
43 166
43 169
44 53
44 65
44 142
44 187
44 198
45 82
45 94
45 117
46 178
46 188
47 86
47 93
47 103
47 111
47 199
48 78
48 100
48 190
49 120
50 65
50 74
50 116
50 132
50 165
51 99
51 113
51 115
51 127
51 132
52 53
52 59
52 60
52 68
52 124
52 144
52 151
52 160
52 198
53 55
53 70
53 81
53 158
53 171
54 87
54 88
54 141
55 65
55 84
55 102
55 144
56 72
56 87
56 104
56 125
56 147
57 60
57 62
57 67
57 75
57 83
57 109
57 177
57 193
58 65
59 67
59 179
60 64
60 97
60 121
61 73
62 143
63 89
63 134
64 76
64 96
64 107
64 118
64 123
64 146
64 161
64 162
64 173
64 193
65 82
65 152
65 167
66 90
66 163
66 183
67 84
67 92
67 145
67 175
67 177
68 91
68 156
68 199
69 114
69 152
70 73
70 75
70 91
70 105
70 138
70 158
70 161
71 122
71 172
72 79
72 104
72 131
73 103
73 166
73 167
74 75
74 76
74 85
74 123
74 140
74 159
74 181
76 87
76 101
76 108
76 126
76 127
76 134
76 152
76 163
76 171
77 86
77 97
77 124
77 141
78 149
78 151
79 89
79 103
79 108
79 122
79 129
79 162
79 170
79 183
80 83
80 101
81 87
82 189
82 191
83 195
84 152
84 155
84 183
84 187
84 188
85 106
86 100
86 102
86 107
86 121
86 136
86 151
86 153
86 159
87 116
89 98
89 113
89 156
89 191
90 95
90 101
90 171
90 186
91 138
91 162
92 95
92 103
92 133
92 192
93 113
93 117
93 125
93 150
93 168
94 117
94 118
94 169
95 105
96 107
96 125
96 133
96 139
96 169
97 101
97 142
98 156
99 181
100 111
100 128
101 140
101 170
103 136
103 148
104 108
104 127
104 129
104 154
104 185
104 194
105 111
105 120
107 117
107 174
108 131
109 112
110 156
111 145
112 123
112 140
113 178
114 135
114 176
115 119
116 157
120 141
120 148
121 138
121 148
121 199
122 147
122 190
123 165
124 132
125 150
125 154
126 129
126 157
129 154
129 167
132 139
133 143
135 197
136 164
136 170
136 193
137 180
137 188
138 193
141 142
141 164
142 184
143 145
143 150
143 174
145 181
146 185
146 186
147 159
150 182
153 175
154 177
154 192
155 166
157 198
158 160
158 184
159 194
160 165
160 179
164 179
164 186
164 194
167 194
170 185
170 191
177 192
178 198
