0 1
0 2
0 3
0 4
0 5
0 6
0 7
0 8
0 9
0 10
0 11
0 12
0 17
0 19
0 21
0 23
0 27
0 29
0 30
0 32
0 38
0 41
0 43
0 44
0 52
0 55
0 58
0 60
0 61
0 66
0 69
0 70
0 71
0 87
0 90
0 100
0 104
0 105
0 108
0 115
0 125
0 127
0 128
0 129
0 134
0 139
0 144
0 145
0 160
0 175
0 180
0 185
0 186
0 187
0 194
0 197
1 5
1 6
1 14
1 15
1 20
1 21
1 22
1 26
1 28
1 31
1 33
1 34
1 36
1 37
1 47
1 52
1 55
1 57
1 59
1 72
1 84
1 101
1 104
1 105
1 108
1 141
1 142
1 150
1 198
2 5
2 6
2 7
2 8
2 9
2 10
2 11
2 12
2 13
2 14
2 28
2 31
2 34
2 35
2 36
2 40
2 51
2 52
2 65
2 68
2 73
2 75
2 83
2 88
2 96
2 102
2 106
2 123
2 141
2 144
2 148
2 153
2 162
2 183
2 187
3 5
3 9
3 12
3 15
3 16
3 38
3 61
3 62
3 81
3 88
3 106
3 126
3 137
3 156
3 189
4 18
4 25
4 41
4 46
4 49
4 72
4 104
4 107
4 120
4 159
4 181
5 6
5 7
5 8
5 10
5 12
5 15
5 18
5 20
5 22
5 32
5 34
5 63
5 69
5 78
5 82
5 86
5 92
5 121
5 151
5 157
5 179
6 7
6 8
6 13
6 14
6 17
6 19
6 21
6 23
6 25
6 28
6 32
6 33
6 41
6 49
6 60
6 61
6 70
6 79
6 80
6 83
6 89
6 98
6 118
6 121
6 128
6 129
6 138
6 140
6 146
6 179
7 9
7 13
7 16
7 17
7 23
7 30
7 37
7 39
7 45
7 46
7 50
7 58
7 71
7 74
7 82
7 84
7 96
7 110
7 111
7 116
7 138
7 147
7 157
7 158
7 171
7 173
7 187
7 195
8 10
8 11
8 16
8 24
8 29
8 35
8 44
8 46
8 49
8 54
8 77
8 85
8 89
8 92
8 99
8 109
8 125
8 132
8 138
8 146
8 157
8 176
8 194
9 11
9 13
9 14
9 16
9 17
9 30
9 57
9 64
9 78
9 85
9 91
9 94
9 100
9 110
9 112
9 120
9 127
9 152
9 165
9 171
10 15
10 20
10 22
10 26
10 38
10 43
10 57
10 59
10 76
10 77
10 80
10 86
10 93
10 112
10 134
10 139
10 170
10 171
10 174
10 176
10 188
11 20
11 25
11 47
11 53
11 70
11 81
11 130
11 192
12 23
12 24
12 31
12 36
12 37
12 43
12 51
12 72
12 99
12 112
12 114
12 131
12 172
12 181
12 192
13 18
13 102
13 116
13 117
14 19
14 24
14 27
14 29
14 43
14 47
14 49
14 65
14 69
14 113
14 133
14 143
14 150
14 173
15 19
15 28
15 54
15 59
15 66
15 101
15 108
15 110
15 115
15 132
15 175
16 18
16 33
16 39
16 46
16 48
16 54
16 64
16 65
16 70
16 89
16 123
16 148
16 160
16 164
16 174
16 185
17 26
17 75
17 119
17 150
17 196
18 22
18 25
18 45
18 48
18 50
18 52
18 53
18 56
18 58
18 68
18 71
18 94
18 103
18 135
18 151
18 158
18 174
18 177
18 184
18 189
18 191
19 60
19 103
19 192
20 21
20 35
20 40
20 48
20 68
20 76
20 84
20 87
20 100
20 130
20 131
20 158
21 24
21 40
21 42
21 119
21 136
21 140
21 149
21 154
22 26
22 27
22 29
22 31
22 32
22 42
22 63
22 67
22 93
22 142
22 186
23 34
23 35
23 45
23 55
23 59
23 61
23 68
23 72
23 80
23 90
23 100
23 136
23 151
23 166
23 172
23 196
24 122
24 194
25 30
25 62
25 86
25 114
25 147
26 27
26 36
26 40
26 41
26 56
26 65
26 66
26 79
26 93
26 95
26 102
26 122
26 123
26 133
26 152
26 165
26 169
26 182
26 184
27 47
27 57
27 125
28 39
28 67
28 118
28 142
29 38
29 42
29 106
29 113
29 188
29 192
29 199
30 44
30 66
30 67
30 107
31 33
31 45
31 80
31 88
31 98
31 101
31 107
31 120
31 167
31 184
31 196
32 94
32 126
32 143
32 147
32 168
32 197
33 73
33 113
33 117
33 122
33 154
33 155
33 193
34 55
34 152
35 37
35 53
35 79
35 93
35 111
35 121
35 143
35 182
36 73
36 92
36 97
36 119
36 123
36 133
36 146
36 173
36 177
36 178
36 193
37 39
37 82
37 85
38 62
38 67
38 84
38 108
38 124
38 144
39 54
39 82
40 42
40 48
40 58
40 169
41 74
41 88
41 138
42 44
42 51
42 69
42 73
42 78
42 83
42 97
42 114
42 139
43 102
44 50
44 51
44 53
44 63
44 87
44 159
45 81
45 163
46 63
46 92
46 95
46 128
46 131
46 168
47 165
47 171
48 56
48 162
48 167
48 173
49 50
49 79
49 98
49 119
49 140
49 149
49 153
49 155
49 156
49 157
50 56
50 86
50 125
50 130
51 62
51 94
51 174
52 96
52 142
52 198
53 75
53 117
53 191
54 77
54 81
54 83
54 95
54 99
54 101
54 112
54 127
54 185
54 186
54 190
56 99
57 60
57 126
58 91
58 178
59 126
60 64
60 77
60 137
61 64
61 74
61 127
62 76
62 95
62 193
63 133
64 71
64 74
64 78
64 89
64 97
64 145
64 170
64 172
64 177
64 183
64 196
66 75
66 90
66 115
66 150
66 170
67 104
67 199
68 109
68 134
68 166
68 180
69 130
69 168
69 188
71 141
71 149
72 179
73 76
74 169
74 197
76 91
77 87
78 106
78 109
78 116
79 85
79 91
80 124
80 135
81 161
82 167
82 176
83 111
83 118
83 155
83 169
83 189
84 120
84 124
84 136
84 140
85 90
85 96
85 124
85 166
86 103
88 98
88 153
88 197
89 137
90 113
91 131
91 152
92 97
92 111
92 154
93 163
96 122
98 103
98 118
99 105
99 166
100 145
100 191
101 154
101 179
101 199
102 144
102 153
103 105
103 107
103 117
103 132
103 134
104 190
105 139
105 159
105 198
105 199
106 109
106 146
107 129
107 135
108 110
109 135
110 114
110 121
110 136
110 161
110 181
110 186
112 116
112 132
113 115
113 137
113 143
113 160
113 167
114 161
116 149
116 159
116 195
117 156
117 161
118 145
118 160
121 184
121 191
122 128
123 129
127 163
129 151
129 156
129 162
129 178
129 183
131 141
134 148
138 148
140 176
141 147
141 193
142 181
143 158
143 178
143 187
145 155
145 190
146 165
148 164
148 175
149 162
149 163
150 185
151 164
153 164
153 190
158 175
158 182
159 182
163 168
168 170
168 180
168 183
170 172
170 180
173 177
175 195
180 188
180 194
180 195
181 189
192 198
