0 1
0 32
0 68
0 84
0 171
1 2
1 3
1 4
1 5
1 6
1 8
1 10
1 11
1 12
1 13
1 14
1 15
1 18
1 23
1 29
1 31
1 34
1 37
1 51
1 54
1 65
1 71
1 72
1 74
1 81
1 83
1 88
1 91
1 93
1 98
1 100
1 102
1 107
1 109
1 111
1 115
1 118
1 133
1 138
1 139
1 142
1 148
1 162
1 169
1 194
2 154
3 7
3 9
3 20
3 26
3 27
3 48
3 50
3 62
3 64
3 69
3 156
3 181
4 21
4 25
4 28
4 175
4 199
5 41
6 16
6 24
6 30
6 33
6 42
6 45
6 46
6 78
6 114
6 122
6 159
6 160
6 183
6 191
7 43
7 55
7 70
8 19
8 92
10 40
10 61
10 178
11 17
11 22
11 77
13 97
13 143
14 52
14 57
14 149
14 151
15 35
15 53
17 49
17 59
17 96
17 127
17 141
17 190
18 63
19 119
19 121
20 85
20 99
22 150
25 82
25 140
26 36
26 39
26 124
26 128
26 168
28 73
28 90
28 132
28 172
28 176
29 89
29 110
29 166
31 94
31 129
31 193
34 75
34 134
35 87
37 38
38 60
38 144
39 158
41 47
41 157
42 44
42 184
43 197
48 137
49 66
50 56
50 79
50 101
50 106
50 108
51 185
52 189
53 86
53 163
53 173
54 58
54 67
54 95
55 112
56 120
59 80
59 113
60 117
60 174
62 76
75 136
76 165
77 131
77 145
79 103
81 170
82 198
83 105
85 179
86 167
87 182
90 104
91 153
93 130
94 123
97 116
98 135
98 155
99 126
120 125
124 152
132 146
132 177
133 186
133 195
137 161
142 147
146 164
146 180
146 192
148 187
174 196
186 188
