0 1
0 2
0 3
0 4
0 5
0 6
0 7
0 8
0 10
0 11
0 12
0 13
0 14
0 15
0 16
0 19
0 20
0 23
0 26
0 27
0 33
0 35
0 37
0 50
0 55
0 58
0 62
0 63
0 64
0 70
0 71
0 72
0 76
0 83
0 85
0 97
0 99
0 101
0 104
0 106
0 110
0 112
0 113
0 115
0 116
0 123
0 131
0 135
0 137
0 139
0 144
0 149
0 166
0 170
0 171
0 173
0 174
0 186
0 195
0 199
0 202
0 227
0 237
0 257
0 264
0 282
0 283
0 288
0 296
0 297
0 304
0 306
0 315
0 317
0 332
0 351
0 358
0 363
0 381
0 391
0 397
1 5
1 6
1 7
1 8
1 13
1 15
1 16
1 19
1 22
1 32
1 41
1 61
1 66
1 78
1 89
1 95
1 119
1 138
1 142
1 145
1 169
1 174
1 184
1 188
1 222
1 239
1 243
1 248
1 252
1 264
1 265
1 266
1 270
1 275
1 293
1 332
1 388
2 5
2 6
2 11
2 15
2 24
2 28
2 29
2 37
2 43
2 44
2 52
2 91
2 111
2 136
2 184
2 190
2 221
2 237
2 238
2 276
2 301
2 313
2 384
3 7
3 8
3 9
3 26
3 51
3 77
3 94
3 107
3 112
3 117
3 121
3 125
3 160
3 167
3 194
3 198
3 203
3 225
3 228
3 240
3 277
3 285
3 304
3 323
3 326
3 339
3 382
3 392
4 5
4 6
4 7
4 10
4 11
4 12
4 23
4 24
4 32
4 38
4 40
4 50
4 54
4 62
4 76
4 83
4 93
4 97
4 102
4 118
4 122
4 156
4 168
4 187
4 205
4 208
4 222
4 250
4 347
4 369
4 373
4 395
5 9
5 10
5 12
5 18
5 21
5 28
5 31
5 37
5 38
5 39
5 44
5 47
5 51
5 59
5 64
5 65
5 73
5 74
5 86
5 90
5 91
5 92
5 96
5 102
5 105
5 106
5 109
5 126
5 127
5 134
5 150
5 151
5 163
5 170
5 181
5 198
5 203
5 249
5 251
5 258
5 268
5 273
5 278
5 293
5 294
5 320
5 321
5 325
5 342
5 352
5 360
5 379
6 9
6 18
6 20
6 27
6 28
6 29
6 33
6 36
6 39
6 41
6 54
6 55
6 56
6 61
6 75
6 80
6 85
6 98
6 132
6 142
6 147
6 158
6 164
6 170
6 191
6 192
6 200
6 219
6 279
6 335
6 338
6 340
6 379
6 399
7 8
7 9
7 10
7 14
7 21
7 23
7 31
7 36
7 38
7 40
7 42
7 45
7 49
7 53
7 63
7 65
7 81
7 89
7 103
7 139
7 143
7 147
7 149
7 151
7 189
7 193
7 206
7 238
7 268
7 269
7 292
7 312
7 328
7 374
8 11
8 22
8 30
8 34
8 53
8 69
8 93
8 127
8 153
8 181
8 223
8 257
8 266
8 279
8 303
8 345
9 12
9 13
9 14
9 24
9 26
9 30
9 32
9 35
9 45
9 57
9 87
9 120
9 132
9 139
9 141
9 162
9 183
9 190
9 196
9 211
9 235
9 236
9 244
9 302
9 308
9 355
10 17
10 18
10 19
10 20
10 22
10 26
10 50
10 58
10 62
10 69
10 78
10 95
10 113
10 142
10 144
10 156
10 159
10 166
10 176
10 177
10 193
10 197
10 198
10 200
10 206
10 236
10 260
10 265
10 267
10 280
10 314
10 336
10 338
10 358
10 366
10 371
10 387
10 394
11 13
11 15
11 16
11 18
11 23
11 24
11 25
11 39
11 68
11 83
11 85
11 100
11 111
11 115
11 147
11 174
11 177
11 213
11 242
11 256
11 304
11 331
11 369
11 391
11 399
12 14
12 30
12 31
12 40
12 41
12 47
12 66
12 68
12 70
12 81
12 92
12 93
12 100
12 109
12 124
12 127
12 161
12 223
12 234
12 261
12 284
12 288
12 292
12 337
12 368
12 396
13 16
13 17
13 19
13 25
13 30
13 33
13 56
13 57
13 60
13 72
13 85
13 88
13 101
13 109
13 114
13 131
13 136
13 137
13 143
13 148
13 168
13 172
13 219
13 236
13 240
13 317
13 349
13 371
13 381
14 17
14 44
14 52
14 84
14 87
14 121
14 157
14 166
14 176
14 267
14 328
15 32
15 46
15 58
15 75
15 94
15 102
15 122
15 184
15 186
15 209
15 215
15 259
15 267
15 289
16 17
16 27
16 39
16 40
16 42
16 45
16 49
16 52
16 76
16 96
16 107
16 130
16 141
16 142
16 150
16 275
16 298
16 306
16 395
17 28
17 48
17 82
17 230
17 251
17 257
18 20
18 22
18 25
18 27
18 31
18 42
18 55
18 56
18 57
18 58
18 60
18 68
18 78
18 79
18 87
18 90
18 94
18 96
18 118
18 176
18 179
18 182
18 185
18 206
18 216
18 231
18 244
18 253
18 267
18 286
18 306
18 331
18 361
18 367
18 369
18 371
18 374
18 380
18 385
18 390
18 393
19 21
19 29
19 38
19 53
19 54
19 73
19 99
19 104
19 122
19 138
19 154
19 159
19 233
19 242
19 252
19 259
19 299
19 301
19 325
19 329
19 343
20 21
20 48
20 81
20 191
20 194
20 197
20 210
20 247
20 266
20 302
20 319
20 323
20 379
21 29
21 74
21 177
21 178
21 186
21 191
21 255
22 36
22 57
22 78
22 97
22 123
22 356
22 373
23 25
23 34
23 70
23 169
23 208
23 226
23 235
23 282
23 398
24 45
24 48
24 64
24 100
24 112
24 129
24 132
24 151
24 185
24 213
24 246
24 287
24 290
24 301
24 360
25 188
25 290
26 76
26 208
26 263
26 324
26 346
27 33
27 87
27 94
27 103
27 108
27 150
27 153
27 247
27 289
28 34
28 44
28 60
28 77
28 88
28 104
28 118
28 145
28 170
28 180
28 183
28 197
28 206
28 227
28 294
28 300
28 345
28 346
28 378
28 390
29 34
29 46
29 51
29 52
29 54
29 55
29 61
29 67
29 72
29 79
29 108
29 159
29 219
29 274
29 286
30 53
30 79
30 99
30 209
30 305
30 313
30 352
30 373
30 392
31 35
31 37
31 47
31 91
31 107
31 123
31 126
31 164
31 341
31 350
31 360
31 374
32 77
32 83
32 112
32 134
32 163
32 171
32 202
32 250
32 251
32 257
32 291
32 347
32 376
33 35
33 43
33 60
33 65
33 71
33 101
33 192
33 225
33 265
33 284
33 330
33 355
34 36
34 42
34 48
34 62
34 74
34 128
34 148
34 173
34 216
34 217
34 219
34 234
34 253
34 297
35 128
35 200
35 273
35 389
36 43
36 59
36 61
36 63
36 67
36 99
36 119
36 125
36 131
36 140
36 165
36 187
36 238
36 268
36 299
36 307
36 350
36 374
37 67
37 98
37 116
37 126
37 133
37 157
37 198
37 215
37 223
37 279
37 298
37 354
38 41
38 43
38 73
38 82
38 88
38 110
38 115
38 121
38 163
38 229
38 233
38 237
38 277
38 326
38 396
39 107
39 130
39 195
39 229
39 245
39 284
39 339
40 47
40 59
40 106
40 120
40 189
40 275
41 49
41 51
41 75
41 115
41 131
41 133
41 155
41 157
41 333
41 340
41 348
41 390
43 46
43 67
43 73
43 75
43 98
43 113
43 154
43 190
43 209
43 214
43 234
43 327
44 46
44 49
44 69
44 100
44 105
44 248
44 266
44 285
44 375
45 86
45 154
45 189
45 261
45 310
46 69
46 79
46 159
46 221
46 262
46 272
47 157
48 50
48 116
48 140
48 207
48 300
49 106
49 250
50 66
50 68
50 74
50 84
50 135
50 137
50 140
50 220
50 251
50 254
50 262
50 311
50 326
51 103
51 117
51 182
51 328
51 365
52 72
52 277
53 56
53 59
53 64
53 82
53 90
53 92
53 105
53 124
53 143
53 356
53 370
54 136
54 148
54 175
54 353
54 367
54 391
55 84
55 103
55 105
55 234
55 286
55 296
55 297
55 354
55 359
55 362
56 116
56 139
56 281
57 66
57 71
57 86
57 91
57 108
57 119
57 128
57 166
57 173
57 193
57 196
57 212
57 247
57 255
57 344
58 65
58 82
58 89
58 122
58 145
58 152
58 161
58 363
59 70
59 108
59 127
59 128
59 214
59 383
60 89
60 204
60 357
61 77
61 80
61 93
61 114
61 158
61 173
61 202
61 300
61 312
61 319
61 370
61 392
61 394
61 398
61 399
62 63
62 81
62 184
62 246
62 260
63 104
63 164
63 204
63 210
63 298
63 323
64 158
64 162
64 194
64 242
64 317
64 351
64 355
65 153
65 231
65 325
66 80
66 86
66 96
66 163
66 210
66 218
66 228
66 255
66 397
67 88
67 180
67 181
67 195
67 262
67 302
67 369
67 398
68 130
68 132
68 147
68 202
69 144
69 212
69 225
69 334
69 346
69 367
70 71
70 114
70 133
70 167
70 217
71 95
71 125
71 146
71 152
71 165
71 169
71 247
71 329
71 338
71 348
71 389
72 80
72 109
72 113
72 287
72 315
72 337
73 343
74 151
74 253
74 280
75 245
75 270
75 275
75 276
75 295
75 320
75 333
76 124
76 162
76 185
76 227
76 264
77 92
77 95
77 240
78 84
78 97
78 98
78 167
78 205
78 215
78 218
78 329
80 90
80 179
80 221
80 239
81 110
81 111
81 126
81 171
81 214
82 397
84 136
84 188
84 278
84 286
85 114
85 205
85 244
85 314
86 183
86 201
86 340
86 352
87 117
87 133
87 356
88 146
88 344
89 141
89 144
89 160
89 199
89 261
89 280
89 360
89 364
90 101
90 110
90 134
90 171
90 182
90 237
90 254
91 111
91 178
91 180
91 218
91 241
91 335
91 349
92 231
92 341
92 353
92 364
94 130
94 135
94 204
94 278
95 117
95 140
95 187
95 224
95 316
96 102
96 250
96 274
96 343
97 380
98 129
98 178
98 189
98 326
99 383
101 155
101 187
101 389
101 395
102 120
102 129
102 137
102 150
102 156
102 208
102 265
102 284
102 303
102 342
102 349
102 352
103 119
103 120
103 123
103 124
103 138
103 145
103 149
103 153
103 161
103 175
103 207
103 238
103 290
103 295
103 299
104 179
104 231
104 241
104 353
105 129
105 192
105 196
105 280
106 118
106 146
106 158
107 141
107 161
107 197
107 241
107 271
107 309
107 367
108 172
108 185
108 207
108 245
108 341
108 366
108 368
108 391
109 172
109 322
110 308
111 162
111 212
111 239
112 154
112 176
112 281
112 294
112 347
113 263
113 321
113 330
113 368
114 210
114 356
115 209
115 232
115 368
115 378
116 125
116 175
116 276
116 282
116 299
116 387
116 392
117 156
117 200
117 212
117 291
118 167
118 178
118 359
118 383
119 121
119 258
119 261
119 379
120 160
120 253
120 260
121 143
121 230
121 246
121 396
122 152
122 199
122 235
122 264
122 381
123 303
123 398
124 134
124 201
124 232
125 169
125 297
126 180
126 351
126 375
127 138
127 186
127 359
127 394
128 384
129 382
131 342
131 346
132 146
132 358
132 365
133 357
134 135
134 213
135 168
135 193
135 222
135 271
136 149
136 152
136 204
136 228
136 272
136 279
136 322
136 332
137 175
137 229
137 259
137 305
137 324
137 338
137 342
137 355
138 318
138 380
139 330
140 165
141 191
141 218
141 319
141 386
141 393
142 211
142 372
143 274
144 194
144 318
144 361
145 182
145 222
145 233
145 361
146 148
146 183
146 192
146 226
146 232
146 331
146 359
147 160
147 216
147 282
148 155
148 201
148 254
148 273
149 230
149 278
150 174
150 220
151 165
151 249
151 296
151 351
151 372
152 155
152 318
153 242
153 289
153 385
154 179
154 281
154 327
154 336
155 245
156 164
156 201
156 233
156 243
156 394
158 220
158 236
158 260
158 315
158 372
159 384
160 196
161 249
161 283
163 177
163 195
163 213
163 216
163 232
163 252
163 295
163 354
163 381
163 386
165 168
165 323
166 235
166 256
166 344
167 207
168 214
168 225
168 239
169 172
169 291
169 293
170 255
170 321
171 311
173 252
176 256
176 258
176 313
176 370
179 181
179 217
179 334
179 376
180 224
180 246
181 199
181 211
182 188
182 363
183 190
183 263
183 293
183 339
183 371
184 322
184 340
185 205
185 272
185 285
185 310
185 316
185 344
185 393
186 333
186 375
188 215
188 324
189 272
190 316
190 332
192 269
192 270
192 325
192 353
193 230
193 256
193 327
194 203
195 309
196 345
197 224
197 271
198 203
198 221
198 301
201 228
201 292
202 376
202 390
203 243
203 296
203 309
203 380
206 211
206 229
206 263
206 285
207 354
208 226
208 268
208 366
209 276
209 370
210 220
211 259
211 277
214 226
214 248
214 304
214 339
215 269
216 217
216 223
216 224
216 227
216 388
217 306
219 334
219 335
220 243
221 287
222 311
222 337
224 244
224 262
224 274
225 329
225 365
227 288
228 319
228 331
229 303
229 322
230 241
230 248
230 330
230 364
232 249
232 258
232 290
232 397
235 362
236 240
236 271
236 292
236 324
236 327
236 348
236 364
237 270
237 349
237 384
240 386
241 377
241 387
242 377
244 254
244 273
244 294
246 314
248 307
248 357
248 386
249 281
251 305
251 320
252 305
252 321
254 385
255 269
257 302
257 315
259 335
260 283
260 309
261 289
264 307
264 308
265 376
266 287
267 317
270 308
270 363
271 310
272 318
273 300
273 358
275 298
276 312
276 378
277 295
278 288
278 333
278 345
280 362
281 283
281 341
284 311
284 377
284 395
287 291
287 388
288 310
289 350
291 365
292 336
293 373
293 396
295 312
295 372
296 357
297 307
297 313
297 347
299 385
300 399
302 314
302 378
303 388
307 328
312 320
314 382
315 316
318 336
320 337
322 334
324 361
328 343
330 348
331 362
338 382
341 383
343 350
343 375
353 366
355 387
357 377
374 393
383 389
