0 1
0 2
0 3
0 4
0 5
0 6
0 7
0 8
0 9
0 14
0 15
0 16
0 19
0 23
0 24
0 27
0 28
0 29
0 30
0 34
0 35
0 36
0 37
0 43
0 50
0 52
0 53
0 55
0 60
0 61
0 62
0 72
0 79
0 82
0 87
0 105
0 120
0 121
0 136
0 140
0 142
0 146
0 147
0 148
0 149
0 150
0 166
0 171
0 174
0 186
0 196
0 201
0 209
0 212
0 218
0 238
0 244
0 249
0 251
0 268
0 290
0 297
0 307
0 308
0 314
0 317
0 328
0 335
0 345
0 350
0 358
0 362
0 364
0 368
1 5
1 6
1 7
1 10
1 12
1 13
1 18
1 42
1 51
1 61
1 81
1 83
1 90
1 91
1 116
1 127
1 128
1 139
1 194
1 222
1 251
1 306
1 315
1 329
1 343
2 5
2 6
2 7
2 8
2 11
2 13
2 14
2 17
2 33
2 37
2 55
2 56
2 58
2 62
2 72
2 91
2 95
2 100
2 111
2 117
2 127
2 131
2 132
2 138
2 141
2 145
2 169
2 189
2 205
2 241
2 263
2 279
2 311
2 333
2 349
2 397
3 5
3 6
3 8
3 11
3 18
3 19
3 23
3 24
3 26
3 29
3 31
3 44
3 50
3 56
3 63
3 65
3 68
3 84
3 86
3 91
3 114
3 154
3 168
3 191
3 200
3 215
3 281
3 326
3 364
3 392
4 9
4 18
4 60
4 92
4 142
4 207
4 339
5 7
5 9
5 11
5 12
5 14
5 18
5 19
5 20
5 21
5 22
5 23
5 31
5 32
5 38
5 40
5 42
5 53
5 56
5 59
5 63
5 69
5 74
5 83
5 88
5 94
5 104
5 134
5 147
5 155
5 179
5 183
5 188
5 239
5 243
5 249
5 252
5 255
5 300
5 321
5 342
5 368
5 387
6 10
6 12
6 13
6 15
6 16
6 20
6 25
6 28
6 35
6 44
6 46
6 47
6 55
6 68
6 69
6 80
6 82
6 92
6 95
6 117
6 118
6 121
6 129
6 133
6 150
6 155
6 198
6 199
6 227
6 257
6 278
6 292
6 350
6 366
7 8
7 9
7 10
7 13
7 14
7 15
7 17
7 19
7 20
7 27
7 30
7 36
7 37
7 38
7 39
7 48
7 54
7 55
7 57
7 58
7 61
7 64
7 66
7 75
7 86
7 94
7 95
7 96
7 102
7 105
7 106
7 107
7 108
7 114
7 118
7 119
7 122
7 123
7 125
7 145
7 153
7 157
7 159
7 166
7 167
7 171
7 182
7 192
7 193
7 195
7 197
7 230
7 240
7 241
7 242
7 246
7 272
7 276
7 282
7 288
7 294
7 303
7 309
7 316
7 317
7 327
7 330
7 332
7 337
7 350
7 353
7 380
7 388
7 390
8 22
8 24
8 25
8 28
8 33
8 44
8 45
8 46
8 53
8 54
8 77
8 88
8 113
8 119
8 124
8 136
8 141
8 142
8 146
8 158
8 165
8 176
8 180
8 190
8 193
8 208
8 218
8 243
8 270
8 288
8 312
8 320
8 347
8 394
8 396
9 10
9 12
9 21
9 29
9 35
9 51
9 58
9 64
9 76
9 78
9 82
9 83
9 98
9 151
9 165
9 170
9 177
9 189
9 219
9 234
9 245
9 281
9 286
9 314
9 338
9 359
10 11
10 15
10 40
10 49
10 62
10 63
10 65
10 90
10 106
10 111
10 114
10 124
10 132
10 149
10 156
10 162
10 172
10 178
10 209
10 210
10 222
10 261
10 267
10 277
10 284
10 293
10 297
10 299
10 304
10 308
10 366
10 382
10 393
11 16
11 36
11 43
11 48
11 58
11 67
11 76
11 81
11 89
11 99
11 102
11 103
11 131
11 144
11 183
11 204
11 209
11 228
11 229
11 256
11 258
11 274
11 347
11 359
12 20
12 22
12 25
12 39
12 47
12 65
12 100
12 109
12 123
12 128
12 135
12 178
12 184
12 236
12 394
13 16
13 17
13 25
13 30
13 32
13 34
13 36
13 39
13 43
13 45
13 46
13 49
13 51
13 66
13 91
13 94
13 103
13 135
13 144
13 160
13 189
13 247
13 252
13 255
13 296
13 321
13 325
13 336
13 376
13 384
14 21
14 42
14 84
14 146
14 152
14 194
14 220
14 264
14 298
14 352
14 389
15 17
15 21
15 26
15 32
15 35
15 38
15 45
15 49
15 80
15 81
15 105
15 112
15 130
15 134
15 136
15 154
15 188
15 191
15 216
15 237
15 278
15 330
15 341
15 349
15 351
15 359
15 364
15 371
15 372
15 387
15 389
15 395
16 26
16 97
16 387
17 27
17 41
17 82
17 88
17 101
17 127
17 148
17 162
17 192
17 212
17 233
17 292
17 305
17 356
17 390
18 22
18 31
18 37
18 42
18 46
18 56
18 78
18 103
18 117
18 148
18 182
18 248
18 252
18 261
18 277
18 289
18 304
18 332
18 339
18 388
19 24
19 49
19 50
19 65
19 77
19 160
19 346
20 23
20 53
20 84
20 109
20 147
20 164
20 168
20 197
20 224
20 225
20 231
20 238
20 248
20 269
20 322
20 325
20 355
21 28
21 30
21 34
21 52
21 79
21 88
21 186
21 192
21 201
21 254
21 281
21 360
21 385
21 396
22 27
22 62
22 76
22 77
22 97
22 174
22 201
22 233
22 375
23 41
24 26
24 33
24 72
24 80
24 90
24 96
24 98
24 125
24 139
24 253
24 324
24 361
25 33
25 131
25 213
26 31
26 39
26 71
26 89
26 132
26 168
26 230
26 253
26 257
27 32
27 41
27 108
27 120
27 148
27 175
27 250
27 362
28 29
28 87
28 169
28 172
28 190
29 43
29 70
29 81
29 111
29 310
29 330
30 57
30 64
30 73
30 105
30 294
30 374
31 41
31 90
31 104
31 107
31 113
31 121
31 137
31 158
31 170
31 177
31 181
31 187
31 197
31 231
31 242
31 282
31 328
32 40
32 67
32 128
32 151
32 174
32 193
32 295
32 316
33 34
33 70
33 101
33 137
33 138
33 182
33 259
33 325
33 329
33 334
33 336
34 40
34 44
34 47
34 52
34 54
34 57
34 93
34 133
34 135
34 143
34 170
34 185
34 187
34 202
34 203
34 207
34 234
34 271
34 308
34 314
34 320
34 329
34 349
34 364
34 369
35 116
35 130
35 199
35 395
36 38
36 60
36 71
36 73
36 174
36 196
36 199
36 205
36 254
36 343
36 372
36 393
37 45
37 48
37 75
37 140
37 153
37 179
37 181
37 275
37 378
37 386
38 51
38 64
38 107
38 153
38 160
38 175
38 209
38 290
38 292
38 314
38 334
39 70
39 193
39 204
39 214
39 270
39 336
40 57
40 75
40 135
40 140
40 165
40 202
40 274
40 338
41 50
41 66
41 72
41 78
41 89
41 108
41 133
41 145
41 155
41 157
41 169
41 195
41 203
41 208
41 244
41 263
41 345
42 47
42 54
42 68
42 164
42 212
42 269
42 276
42 290
42 370
43 99
43 110
43 126
43 129
43 131
43 138
43 143
43 161
43 256
43 280
43 347
44 79
44 133
45 52
45 59
45 71
45 98
45 106
45 107
45 112
45 122
45 134
45 151
45 163
45 167
45 243
45 327
45 377
45 378
46 48
46 59
46 155
46 206
46 320
46 354
46 399
47 66
47 87
47 263
48 67
48 86
48 93
48 261
49 379
50 78
50 306
51 180
51 185
51 228
51 380
51 390
52 60
52 69
52 73
52 83
52 93
52 100
52 127
52 177
53 59
53 85
53 87
53 89
53 97
53 119
53 137
53 143
53 157
53 164
53 181
53 225
53 228
53 312
53 319
53 332
53 355
53 367
54 92
54 213
54 214
54 219
54 274
54 300
55 63
55 67
55 69
55 85
55 93
55 116
55 149
55 158
55 160
55 176
55 218
55 227
55 229
55 240
55 254
55 261
55 262
55 336
55 358
56 68
56 71
56 84
56 110
56 112
56 176
56 180
56 279
56 285
56 305
56 322
57 211
57 241
57 248
57 249
57 381
58 176
58 178
58 313
59 61
59 102
59 120
59 163
59 352
59 368
59 377
60 169
60 220
60 236
60 273
60 296
61 73
61 114
61 115
61 128
61 189
61 227
62 102
62 216
62 266
63 100
63 141
63 175
63 184
63 210
63 259
64 75
64 86
64 145
64 220
65 76
65 166
65 233
65 275
65 280
66 158
66 162
66 300
67 79
67 122
67 205
67 253
67 360
68 74
68 273
68 318
69 70
69 74
69 96
69 103
69 106
69 123
69 130
69 138
69 140
69 164
69 203
69 204
69 215
69 221
69 240
69 286
69 309
69 316
69 388
70 97
70 220
71 113
71 121
71 156
71 184
71 204
71 260
71 272
71 285
71 334
71 380
72 74
72 77
72 109
72 221
72 281
72 291
72 340
72 348
72 398
73 118
73 137
73 230
73 291
74 108
74 115
75 85
75 95
75 232
75 242
75 351
75 378
75 390
76 173
76 191
76 266
76 299
76 348
76 377
77 80
78 99
78 104
78 109
78 167
78 268
78 319
78 323
79 85
79 179
79 286
79 374
80 358
81 186
82 126
82 149
82 153
82 210
82 226
82 274
82 289
82 346
82 347
82 355
82 363
82 371
82 377
82 391
83 152
83 195
83 202
83 246
83 259
83 265
83 366
84 94
84 99
84 112
84 179
84 231
84 237
84 301
84 308
84 356
84 365
84 372
84 376
84 382
84 393
84 395
85 198
85 217
85 301
85 383
85 397
86 92
86 104
86 117
86 198
86 255
86 306
86 340
86 384
86 385
87 101
87 217
87 224
87 264
87 383
88 115
88 134
88 139
88 159
88 183
88 216
88 391
89 163
89 177
89 332
89 352
90 98
90 119
90 124
90 139
90 151
90 225
90 266
90 300
90 342
90 344
90 349
90 355
91 152
91 313
92 101
92 144
92 185
92 196
92 257
92 268
92 270
92 318
92 335
93 96
93 111
93 156
93 246
94 283
94 302
95 234
96 154
96 161
96 223
96 288
96 293
96 344
96 383
97 129
97 154
97 216
98 120
98 224
98 244
99 124
99 227
99 361
100 129
100 246
101 110
101 113
101 159
101 305
101 379
102 126
102 186
102 195
102 239
102 260
103 122
103 188
103 337
103 354
103 389
104 376
105 110
105 116
105 123
105 125
105 126
105 132
105 165
105 167
105 188
105 194
105 208
105 245
105 317
105 346
106 118
106 142
106 162
106 166
106 173
106 208
106 222
106 252
106 392
106 394
107 130
107 270
108 115
108 223
108 234
108 269
109 271
109 312
110 141
110 171
110 211
110 218
110 340
111 147
111 303
111 365
111 380
112 267
113 125
113 156
113 187
113 247
113 304
113 337
113 357
113 386
114 272
114 293
114 309
115 161
115 202
116 181
116 279
117 171
117 397
118 178
118 244
118 287
118 311
119 159
119 200
119 203
119 206
119 271
119 381
119 388
120 163
120 291
120 338
121 136
121 327
121 333
122 161
123 211
123 221
124 143
124 263
124 316
125 229
125 238
126 348
127 157
127 187
127 235
127 268
127 340
127 357
128 150
128 221
128 232
128 275
128 329
129 198
129 237
129 324
129 353
130 144
130 197
130 251
130 338
130 348
131 217
132 175
132 207
132 273
132 335
133 289
133 363
134 331
135 245
135 287
135 392
136 302
138 226
140 146
140 172
140 207
140 392
141 248
141 298
141 350
141 367
142 170
142 235
142 260
142 265
142 299
142 357
143 200
143 297
143 301
144 242
144 247
144 251
144 265
144 284
145 150
145 152
145 295
145 333
145 373
146 326
146 353
146 372
146 391
148 222
148 231
148 255
148 262
148 283
148 288
148 303
148 311
149 190
149 361
150 250
153 173
153 214
153 223
153 320
153 323
155 345
156 172
156 180
156 315
157 213
157 358
157 365
158 211
158 294
158 354
159 168
159 236
159 237
159 238
159 331
159 367
160 191
161 304
161 318
161 362
162 182
162 183
162 373
163 184
163 302
164 295
164 315
164 360
165 206
165 239
165 249
165 250
166 217
167 250
167 344
168 259
169 190
169 219
169 284
169 322
169 326
171 282
172 173
172 199
172 205
172 264
173 306
174 215
174 389
175 315
176 185
176 194
176 228
176 258
176 275
176 369
177 226
177 398
178 253
179 243
180 212
180 232
181 206
181 236
182 265
182 273
182 311
183 230
183 260
184 232
184 267
185 192
185 287
186 291
188 381
189 201
189 219
189 235
189 269
189 280
189 307
190 323
191 200
192 196
192 326
193 285
194 376
195 224
195 240
195 256
195 282
195 283
195 362
195 382
196 210
197 278
200 371
201 235
203 283
203 395
204 368
205 239
205 256
206 241
207 296
208 223
208 229
208 257
208 323
208 330
208 363
209 213
209 214
209 359
210 339
211 363
212 215
212 245
212 366
213 276
213 302
214 289
214 393
215 266
215 284
216 258
216 321
216 334
219 295
219 398
221 225
221 396
222 277
222 324
222 353
223 262
223 286
224 226
225 247
225 254
225 301
225 307
225 317
225 399
227 233
227 343
228 298
229 370
230 264
230 290
230 342
230 346
231 319
231 354
232 267
232 279
232 280
233 367
234 307
234 339
234 384
236 328
238 262
238 328
239 297
240 299
240 337
240 356
241 375
242 258
242 287
244 296
246 325
246 399
249 278
250 384
251 345
251 360
253 310
254 369
256 272
256 365
257 394
258 292
259 313
259 352
259 397
262 324
266 277
266 331
268 310
268 361
269 271
269 321
269 374
271 356
272 293
273 276
273 294
274 313
274 344
274 387
274 399
276 373
282 385
283 285
283 331
288 381
292 343
294 370
294 374
294 383
295 298
295 322
296 357
297 318
297 396
298 303
298 319
298 327
299 309
300 335
301 305
302 310
302 341
310 312
315 341
315 379
319 386
320 341
320 342
322 370
329 375
331 333
333 371
333 378
337 373
344 351
350 351
361 385
361 398
367 369
371 375
371 382
376 391
377 379
379 386
