0 1
0 2
0 3
0 4
0 5
0 6
0 7
0 8
0 9
0 10
0 12
0 13
0 14
0 18
0 19
0 21
0 22
0 27
0 31
0 32
0 48
0 49
0 52
0 54
0 70
0 80
0 91
0 92
0 101
0 102
0 126
0 127
0 132
0 133
0 140
0 142
0 148
0 152
0 157
0 159
0 163
0 170
0 178
0 181
0 193
0 198
0 206
0 211
0 215
0 235
0 239
0 240
0 246
0 258
0 268
0 274
0 278
0 299
0 309
0 323
0 342
0 344
0 364
0 366
0 367
0 369
0 371
0 389
0 398
1 5
1 6
1 10
1 19
1 27
1 31
1 35
1 49
1 57
1 61
1 69
1 72
1 75
1 77
1 78
1 84
1 98
1 122
1 134
1 149
1 153
1 181
1 189
1 203
1 209
1 264
1 267
1 329
1 333
1 340
1 358
1 359
1 361
1 362
1 399
2 5
2 8
2 10
2 11
2 15
2 25
2 34
2 51
2 63
2 65
2 68
2 76
2 82
2 107
2 143
2 186
2 191
2 196
2 218
2 264
2 266
2 276
2 281
2 314
2 331
2 371
2 373
2 384
3 7
3 12
3 17
3 18
3 20
3 25
3 26
3 33
3 67
3 70
3 92
3 96
3 115
3 226
3 248
3 254
3 281
3 332
3 348
3 354
4 5
4 6
4 7
4 13
4 16
4 21
4 23
4 29
4 30
4 39
4 55
4 57
4 91
4 123
4 147
4 172
4 197
4 228
4 234
4 240
4 251
4 282
4 296
4 344
4 357
4 376
5 6
5 8
5 12
5 19
5 23
5 24
5 36
5 44
5 46
5 47
5 85
5 98
5 100
5 104
5 118
5 122
5 158
5 211
5 223
5 229
5 234
5 264
5 268
5 300
5 332
5 333
5 336
5 399
6 7
6 8
6 9
6 11
6 17
6 29
6 32
6 34
6 38
6 41
6 43
6 44
6 45
6 48
6 69
6 71
6 89
6 103
6 109
6 132
6 136
6 146
6 153
6 156
6 170
6 176
6 184
6 188
6 204
6 231
6 263
6 266
6 280
6 291
6 304
6 311
6 343
6 375
6 382
6 396
7 9
7 10
7 11
7 12
7 14
7 16
7 23
7 30
7 31
7 36
7 40
7 58
7 64
7 102
7 104
7 111
7 125
7 126
7 133
7 134
7 135
7 166
7 168
7 195
7 217
7 239
7 260
7 266
7 292
7 321
7 330
7 331
7 385
8 9
8 29
8 31
8 55
8 57
8 80
8 128
8 146
8 154
8 156
8 177
8 180
8 262
8 294
8 312
8 319
8 334
8 337
8 354
8 390
9 17
9 18
9 19
9 20
9 21
9 33
9 40
9 58
9 77
9 82
9 100
9 120
9 134
9 146
9 154
9 190
9 191
9 261
9 295
9 319
9 322
9 325
9 333
9 376
9 379
9 383
10 11
10 13
10 15
10 16
10 20
10 25
10 26
10 30
10 46
10 59
10 68
10 86
10 93
10 108
10 137
10 141
10 145
10 157
10 165
10 236
10 371
11 13
11 14
11 15
11 20
11 23
11 35
11 41
11 43
11 50
11 53
11 56
11 72
11 77
11 93
11 97
11 108
11 113
11 117
11 137
11 171
11 194
11 218
11 228
11 242
11 256
11 272
11 289
11 342
11 372
11 382
12 32
12 41
12 46
12 47
12 51
12 62
12 74
12 77
12 89
12 93
12 144
12 166
12 186
12 202
12 207
12 208
12 250
12 259
12 281
12 283
12 297
12 378
12 380
12 386
13 14
13 15
13 16
13 17
13 24
13 28
13 44
13 48
13 50
13 58
13 59
13 63
13 85
13 86
13 112
13 113
13 116
13 117
13 142
13 147
13 154
13 158
13 167
13 169
13 174
13 179
13 183
13 190
13 200
13 222
13 225
13 227
13 232
13 252
13 269
13 272
13 276
13 322
13 329
13 377
14 26
14 40
14 42
14 50
14 60
14 71
14 72
14 90
14 94
14 95
14 121
14 124
14 156
14 169
14 202
14 210
14 212
14 220
14 222
14 238
14 258
14 294
14 303
14 317
14 355
14 357
14 363
14 374
14 386
15 49
15 59
15 67
15 94
15 95
15 137
15 193
15 250
15 277
15 289
15 316
15 336
15 368
15 382
16 18
16 25
16 27
16 34
16 38
16 49
16 51
16 69
16 83
16 119
16 131
16 228
16 265
16 307
16 364
16 386
16 396
17 26
17 29
17 37
17 39
17 48
17 70
17 85
17 101
17 107
17 116
17 149
17 152
17 182
17 187
17 194
17 199
17 206
17 216
17 220
17 303
17 307
17 319
17 329
17 330
17 338
17 349
17 350
17 367
17 395
18 22
18 24
18 28
18 33
18 34
18 47
18 53
18 76
18 81
18 93
18 99
18 103
18 112
18 115
18 119
18 130
18 139
18 147
18 161
18 192
18 199
18 214
18 231
18 250
18 259
18 268
18 270
18 286
18 291
18 295
18 334
18 345
18 366
18 390
19 21
19 22
19 27
19 74
19 105
19 159
19 185
19 208
19 229
19 331
19 385
20 36
20 54
20 66
20 73
20 95
20 138
20 175
20 186
20 224
20 270
20 299
20 305
20 327
20 334
20 399
21 22
21 28
21 33
21 37
21 42
21 68
21 81
21 84
21 97
21 114
21 125
21 129
21 161
21 175
21 227
21 239
21 243
21 282
21 286
21 314
21 325
21 360
21 381
21 387
22 38
22 52
22 116
22 130
22 180
22 188
22 199
22 235
22 252
22 253
22 255
22 298
22 352
22 355
22 375
23 24
23 36
23 46
23 59
23 82
23 91
23 100
23 128
23 230
23 233
23 271
23 290
23 309
23 320
24 50
24 64
24 65
24 125
24 141
24 164
24 213
24 288
25 28
25 32
25 37
25 43
25 54
25 61
25 63
25 82
25 90
25 105
25 121
25 124
25 172
25 196
25 210
25 215
25 217
25 317
26 37
26 39
26 43
26 56
26 57
26 67
26 71
26 75
26 94
26 212
26 230
26 378
27 35
27 101
27 190
27 208
27 251
27 265
27 293
27 338
27 341
27 342
28 30
28 60
28 79
28 81
28 96
28 102
28 107
28 114
28 152
28 171
28 202
28 223
28 245
28 247
28 249
28 270
28 297
28 303
28 306
28 337
29 40
29 65
29 106
30 95
30 149
30 150
30 225
30 327
30 379
31 42
31 88
31 322
31 355
32 39
32 47
32 66
32 118
32 143
32 167
32 172
32 182
32 203
32 205
32 217
32 232
32 239
32 246
32 248
32 279
32 352
32 371
32 387
33 35
33 53
33 62
33 64
33 87
33 113
33 140
33 141
33 181
33 284
33 383
34 38
34 41
34 52
34 56
34 83
34 87
34 99
34 109
34 121
34 122
34 129
34 144
34 215
34 222
34 244
34 346
34 396
35 44
35 45
35 60
35 78
35 108
35 111
35 132
35 157
35 184
35 190
35 207
35 263
35 269
35 335
35 343
36 45
36 67
36 107
36 245
36 257
36 277
36 357
37 42
37 53
37 64
37 73
37 78
37 86
37 162
37 171
37 182
37 187
37 255
37 295
37 299
37 316
37 341
37 368
37 372
38 45
38 51
38 66
38 72
38 73
38 79
38 84
38 92
38 103
38 106
38 109
38 113
38 136
38 138
38 139
38 158
38 160
38 162
38 187
38 192
38 199
38 221
38 231
38 249
38 251
38 254
38 267
38 297
38 301
38 305
38 330
38 369
38 374
38 377
38 394
38 395
39 90
39 100
39 155
39 370
40 101
40 120
40 163
40 310
40 313
40 340
40 357
41 56
41 108
41 249
41 259
41 275
41 367
42 55
42 69
42 83
42 110
42 151
42 169
42 201
42 204
42 214
42 225
42 276
42 335
42 351
42 370
42 377
42 391
42 392
42 398
43 128
43 165
43 174
43 177
43 392
44 54
44 87
44 98
44 105
44 131
44 134
44 160
44 174
44 201
45 55
45 61
45 70
45 86
45 96
45 119
45 120
45 165
45 218
45 226
45 293
45 316
45 325
45 345
45 390
46 127
46 204
46 212
46 302
46 373
46 384
46 388
47 89
47 133
47 166
47 198
47 213
47 229
47 262
47 328
48 146
49 80
49 103
49 244
50 58
50 60
50 79
50 83
50 87
50 116
50 118
50 123
50 133
50 145
50 148
50 150
50 172
50 195
50 198
50 220
50 234
50 256
50 312
50 326
50 339
50 397
51 52
51 62
51 99
51 119
51 122
51 124
51 144
51 168
51 180
51 195
51 303
51 333
52 61
52 316
53 63
53 75
53 144
53 150
53 192
53 305
54 71
54 76
54 78
54 79
54 118
54 155
54 177
54 304
55 254
55 359
55 362
56 65
56 158
56 188
56 213
57 68
57 132
57 136
57 156
57 287
57 339
57 351
58 62
58 214
58 260
58 356
59 135
59 188
59 337
59 374
59 390
60 89
60 91
60 110
60 139
60 310
60 344
60 368
61 145
61 253
61 268
62 66
62 73
62 74
62 84
62 178
62 184
62 203
62 247
62 252
62 256
62 368
63 140
63 196
64 120
64 123
64 142
64 151
64 169
64 182
64 251
64 339
64 379
64 391
65 104
65 106
65 173
65 261
65 300
65 353
65 388
65 389
66 88
66 111
66 163
66 165
66 174
66 269
66 328
67 98
67 105
67 140
67 183
67 346
69 75
69 283
69 307
69 382
70 154
71 74
71 76
71 94
71 125
71 164
71 237
71 249
71 302
72 88
72 130
72 227
72 232
72 360
73 80
73 160
73 380
73 389
74 97
74 123
74 176
74 194
74 314
74 324
74 353
75 114
75 126
75 127
75 143
75 150
75 181
75 215
75 219
75 262
75 275
75 376
76 85
76 121
76 202
76 225
76 309
77 99
77 102
77 106
77 138
77 200
77 221
77 260
77 266
77 267
77 280
77 286
77 322
77 329
77 363
77 365
78 81
78 139
78 232
78 293
78 306
79 92
79 112
79 127
79 147
79 183
79 211
79 224
79 246
80 205
80 279
80 370
80 373
81 117
81 155
81 228
81 258
81 343
82 115
82 392
83 159
83 321
83 363
84 90
84 135
84 155
84 246
84 288
84 296
84 320
84 324
84 365
84 387
85 96
85 111
85 114
85 148
85 187
85 203
85 311
86 109
86 231
86 243
86 369
87 88
87 153
87 245
87 261
87 318
87 391
88 157
88 286
89 175
89 226
90 104
90 110
90 176
90 210
91 137
91 163
91 185
91 220
91 233
91 312
91 362
92 272
92 395
93 97
93 171
94 185
94 209
94 230
94 236
94 269
94 302
94 310
94 318
94 342
95 131
95 143
95 151
95 212
95 291
95 313
95 336
96 301
96 362
97 394
98 117
98 148
98 184
99 141
99 173
99 175
99 201
99 255
99 280
100 115
100 126
100 145
100 173
100 221
100 224
100 273
100 285
100 350
100 380
101 129
101 131
101 253
102 130
103 110
103 229
103 233
104 164
104 204
105 180
105 198
105 257
105 364
105 398
107 136
107 207
107 318
107 354
108 112
108 170
108 294
108 350
109 151
109 160
109 238
109 271
111 192
111 219
111 388
112 278
113 289
114 363
115 162
115 358
116 168
116 193
116 207
116 359
116 394
118 179
118 265
118 291
119 124
119 128
119 153
119 173
119 197
119 206
119 216
119 219
119 223
119 224
119 263
119 273
119 278
119 283
119 285
119 375
121 296
121 323
122 129
122 142
122 149
122 161
122 170
122 282
122 300
122 347
123 217
124 162
124 167
124 179
124 245
124 306
124 313
124 377
125 191
125 237
125 339
125 367
126 205
127 193
127 210
127 247
127 256
127 305
128 242
128 318
128 321
129 166
129 219
129 315
130 197
130 259
130 347
130 388
131 135
131 211
131 294
131 397
132 237
132 276
132 311
133 152
134 247
134 273
134 393
135 161
135 164
135 365
136 138
136 200
136 241
136 287
136 311
137 179
137 244
137 356
138 261
138 270
138 285
139 195
139 301
139 308
140 366
141 159
141 178
141 186
141 236
141 290
141 315
141 353
141 358
142 185
142 216
142 244
142 335
143 349
144 319
144 383
145 315
146 235
146 345
147 299
148 176
148 241
150 206
150 209
150 264
150 281
152 282
153 177
153 189
153 194
153 284
153 328
154 167
154 201
154 213
154 242
155 218
155 275
156 183
156 302
157 273
159 330
160 189
160 279
160 287
160 301
160 381
161 168
161 248
161 293
162 189
163 241
163 288
164 332
165 191
165 252
165 378
166 230
166 344
167 278
167 393
168 265
168 369
170 222
170 242
170 243
170 277
170 314
170 317
170 324
171 295
172 384
173 178
173 257
173 348
174 227
176 283
176 284
176 355
177 197
177 346
178 196
179 240
179 250
179 271
179 375
180 279
180 280
180 288
180 360
180 374
181 214
182 216
182 241
183 290
183 385
185 365
186 254
186 255
186 289
188 298
189 200
189 209
191 238
191 320
191 324
192 308
192 380
194 223
195 205
195 356
196 237
196 271
196 304
197 235
197 238
198 208
198 338
198 393
201 221
202 327
203 274
203 290
203 347
204 326
205 387
206 257
207 240
207 298
208 336
209 233
210 309
212 313
212 340
213 267
213 277
213 385
216 297
216 326
219 352
220 253
220 272
222 226
222 292
225 326
226 234
227 236
227 243
229 306
230 351
230 360
233 260
235 258
235 284
235 310
236 262
236 312
236 395
237 308
240 373
241 323
241 332
241 348
242 274
242 292
242 328
244 248
245 343
246 287
246 296
246 347
252 292
255 361
255 372
257 323
260 263
260 396
267 285
268 317
269 274
269 321
270 361
273 345
274 275
274 307
275 354
275 370
276 298
276 353
277 361
281 304
282 327
282 372
283 358
284 350
287 340
289 356
293 349
293 392
296 334
297 300
297 320
297 331
297 376
301 308
302 366
303 337
306 389
310 341
311 315
312 383
314 348
316 325
316 341
318 351
326 397
331 335
331 346
332 397
335 386
335 398
337 338
339 349
343 352
348 364
350 359
356 378
360 381
366 391
367 394
371 379
375 399
377 384
378 381
388 393
